0.3990092925930976
0.45290417040164443
0.9775480556079644
0.5544441597191748
0.5868069951380811
0.8914208161920013
0.42685153269545706
0.8891161384262317
0.7304042766957725
0.13760100750197612
0.3079956766464481
0.3275132017649912
0.7060545221753413
0.5297052129989576
0.9722601371224723
0.5625799923544498
0.6438861707372648
0.12071420443777037
0.7551831022094434
0.9607797891732038
0.5156406709511113
0.7421602311335748
0.5175545612326199
0.23094015668129908
0.5628055182344539
0.18998631627460127
0.4718893409845949
1.0118632432636665e-2
0.8159806154773902
0.8188166072896007
0.184054755130172
0.6392183595646558
0.6590071905006131
0.8434589647251588
0.38897982303246537
0.828975820947692
0.40390204475596747
0.9991923450971786
0.4747085412160822
0.9359124397170159
9.84356095777078e-2
0.7495375760390622
0.44011945146080544
0.7929111266415084
0.7458612824772467
0.2496038916106854
5.340831280624336e-2
0.11882298668180502
0.7301585642962288
0.7765111044097793
0.8241387570660731
0.5849836647931507
0.43401490577592583
0.6648046303068892
0.728988672302252
0.8184486451432661
0.9383140679036138
0.528664274300488
0.549025400747882
0.16769304710046173
0.7833709114817587
0.3631625449091339
0.7327888735124822
1.1834777629597615e-2
0.47919143066374337
0.25004744271839086
0.8541649421137946
0.7244201145421058
0.7962521727132174
0.1755370046109327
4.1651319308608215e-2
0.4368318508781682
0.9321777947390991
0.6292941669193576
0.5916270196160501
0.31966201154171825
0.6496339886015511
0.6826916556774635
0.600767589447243
0.3427259572740168
0.8260693265628233
0.2990168023368659
0.6061466300606063
0.7372976167559514
0.3317918147119273
3.174567797762873e-2
0.5548584298980576
0.7506770525985099
0.8122848231304097
0.8654192116486984
0.10082457281768742
1.9036658146453944e-2
0.9756993296632094
0.6586687330735358
0.9714367912907768
0.43533408620533
0.9311579314904336
0.8719106388255368
0.9707965510733473
3.7259908891486115e-2
0.15531987504351175
0.7825390894826442
0.23926401532541985
0.866214842300549
7.614460233548559e-2
0.4999802087646704
0.149474847044902
0.27309402177697895
0.30813839336514504
0.7997862043331044
9.432247303899854e-2
0.16152446416585897
0.24821871993899058
0.4775405835736536
0.6977220352357388
0.9155811687359198
0.8773993726359736
0.2479967287593231
0.7576114886593662
0.7286479150266675
0.26778793737951967
0.19813212977648054
0.2247179472890649
8.350375470533e-2
0.7190804586897851
0.21606612610035347
0.5244814541883157
0.4319485475271775
0.6470604200161095
0.3725802538408197
0.5314586836103837
0.39459347262712374
0.10765671585866443
0.7541768763920947
0.7961515807538987
0.9198865325231779
2.7616867860120853e-2
0.8413610288764309
0.6654722588238463
4.6421007761401456e-2
0.8890231626713808
0.8790067099355438
2.447274168354141e-2
0.31512508358174063
0.2631800674552206
0.9183110634436075
0.8074092643417964
0.2789275128385319
0.7436815194776846
9.84458319226732e-2
0.5681859297813302
0.8503229272352107
0.22362414070257552
0.29006257186117523
0.3516452939641973
0.8404316022055326
0.973028987955954
0.8125552764224003
0.2855759243106518
0.776188487294372
0.20712322643319536
0.29423803193548037
0.9775538643461658
0.5644116965437457
0.4952944958566462
2.091185301557774e-2
8.186806501010946e-2
0.42577262349405876
0.36963973529527017
0.739112280949307
8.896514449779291e-2
0.22213095588669096
0.5630401763351888
0.7363741150826099
0.178864184661777
0.3254056019889152
0.8361493455946404
scriptMetrop.hs: [extractTree] impossible
0.16185250694123188
0.8721876353155386
0.7978022828653976
9.873937129276456e-2
0.5842395118982485
3.0913583844131565e-2
0.1282846501065701
0.7055220564181938
0.9546668172378213
0.8654909256354281
7.414326011490424e-2
0.38135083389601065
0.10142548190511247
0.6196492387521798
5.5057372069295174e-2
0.7871025799281933
0.37520056989434136
8.395288016686153e-2
0.7051472594215354
0.8973386281161849
0.4597226175397139
0.926958202808105
0.5899004812578873
0.9629084190900877
0.18087269697376362
0.7507677699758747
0.7898911960188842
0.2838804891976422
0.7222237859009483
0.943690860357912
0.5534007220731235
3.655203499138837e-4
0.1716832941595693
0.421293040967592
0.6850835013607844
0.1542883288998912
0.28047607025998367
0.1075359233500085
0.811535455769599
2.660024792676452e-2
0.35311209414690536
0.6418182963730471
scriptMetrop.hs: [extractTree] impossible
0.20684232486822796
0.9313000295245236
0.9824711790669282
0.3206799803344086
0.1328532294401975
0.49250533082788805
0.21177419696998034
0.6493959670064696
0.5662194733234983
0.7727507700131185
0.11234266830219475
0.20386075380647772
0.6761261880226571
0.5068646951268166
0.7976829052942643
0.16185827815154818
0.7123691473073116
0.8359537365770758
0.7254882942460402
0.45701931167058263
0.9500603816570213
0.14002904662061944
0.40113338081059713
0.8370531901652302
0.8129848546303534
0.2754212694963031
0.8329807441937381
0.6039168598973897
0.4465125294322799
0.7570627668340509
0.5269448301861982
0.9024553780747514
0.6738399545982156
0.9561312075791445
0.10758528966462644
0.5220546654526371
0.4202937213813439
0.5905481587942863
0.3942628372144664
0.6802577993881233
0.9930247868824539
0.10388788859832954
6.125007245192238e-2
2.3521893911513714e-2
9.944962796319212e-2
0.8209118928849365
0.7256463703776151
0.9811264400962151
0.38344818065535746
0.2834621467856945
0.2090034076215831
0.8623381791354386
0.6188966941756048
0.7617695210487919
9.609360041006321e-4
0.902994677901022
0.20878778235600215
0.36804163723420313
9.401213359137606e-2
0.544613308128118
0.8763427647002181
0.9129005572991703
0.9710609037086751
0.7391485710563487
0.3507529282986853
0.3367173589108182
3.327013372730814e-2
0.19366856052518167
0.490878502783581
0.9295780228898926
0.9377301020015544
0.6924174127298964
8.283563677787265e-3
0.9811823270850509
0.5642767637854463
0.7111184520719934
0.5032842549548683
0.6709556173673087
0.9478062516716123
0.9333005912268021
1.4737900321998176e-2
0.14285523000650435
0.5130738399525326
0.8064505288917511
0.35227537571116774
0.79304232857916
0.513719834348673
0.29017254616441635
5.1595069939055604e-2
0.4912113659679421
0.41419566659980134
0.8760056877965333
0.36388156188261644
0.9151173856810942
0.5155030419489063
1.5373007944062711e-2
0.8812174965985465
0.27341752797261465
1.5071626471280797e-2
0.4617329478986075
0.8576916824404136
0.8274946112603628
0.2849830711140017
0.9201695861507283
3.9366516308469435e-2
0.7580538386346948
scriptMetrop.hs: [extractTree] impossible
0.190764630527673
0.5286841879870318
0.2898654085201643
0.6049511026807929
scriptMetrop.hs: [extractTree] impossible
0.7727541720834431
0.9584779210517712
0.5970048374847209
0.3251878763251189
0.953208443953237
0.15356593293888754
8.057005515985749e-2
0.881221016636122
0.7155672415243467
0.7767004174772708
0.5307075715231765
0.9474410843017206
0.9454971852904054
0.20146443024495875
0.651038660412408
0.3863998172178732
0.6787288216191124
0.5488976969630178
0.6057304156875455
0.6503114083949825
0.3331212130947573
0.921807490444719
0.9413122319855541
0.5326974241389714
0.13196043318699824
0.6074908116539327
0.35239899442096856
0.6344826841669301
0.3218473475380913
0.5255283636933915
0.6200641122021423
3.203158868526257e-2
0.8621771535684496
0.48481601607080205
0.2449760335415635
0.7731854155099874
0.6386247168475861
0.716369879124953
0.4408668111135158
0.570599588794993
0.16862144685836988
0.20668229705523233
0.46141351653489815
4.546423954943524e-2
0.17777240154590512
0.44069402944287195
0.25510704354031566
0.4405211763811899
0.30953307528140284
0.7341841630022538
0.8608941913602343
0.4436894517740614
0.8087481279108027
0.3296011021199633
0.9873328541749159
0.78533964759382
0.9983528697466172
0.6287623014472906
0.23759472024949757
0.6163207201841657
0.2637507831692937
0.35428922528561324
0.4302998228250797
0.9696514423112984
0.5848465519444613
0.7002143531015875
0.7500708422726933
0.1842748145621339
0.50803314497846
0.6142491887884994
0.6785706815479801
0.6793294888212221
0.5793020855056324
0.2477925698269562
0.4417085269587363
0.41281908936965406
0.4071899727010896
0.10759534743095511
0.5256723659445358
0.7729217816095263
2.5295732751207445e-2
0.10840612017076479
0.8069876853603039
0.8390092368599579
scriptMetrop.hs: [extractTree] impossible
0.8337989446506407
9.303859417592986e-2
0.9760706448411419
0.13912765525459936
0.6177389201352411
0.6997662409710524
0.35356086858033453
0.687051132655179
0.6073637004974867
0.23665787759785883
8.17617693900291e-2
0.13162079007003225
0.6638394541822924
0.7721038154732381
0.7195674117235286
0.7686857587014152
7.681232788904979e-3
7.048882326493511e-2
0.8546736357116235
5.418585388671293e-2
0.5979360017511149
0.810849471178286
9.377748399326047e-2
0.98641087723317
0.5389017696400608
0.6316682834338679
0.8502536411282432
0.22314887461036037
0.10923402987417064
0.47415741915478404
0.32597654442652624
0.42337302219787587
0.888868119815008
4.833065018311988e-2
0.6885185762801186
0.6876852801595784
scriptMetrop.hs: [extractTree] impossible
0.18491909047138588
0.13269543037997222
0.902347024019046
0.7313357623499169
0.19840403547195218
0.35997332665720905
0.9565347984388913
0.9315025928226507
0.407449534571526
0.9142697710156135
0.7178322147850288
0.16298613422818253
0.7770570917799663
0.36902208521419
0.8612966621270054
0.5851372741858533
0.43361773203835596
0.4982070257464425
0.8822213027198124
0.8731447888028067
0.6841676828931552
0.45740568527776737
0.1601845719457714
0.5876496841900575
0.6824491751964094
0.1053356629965071
0.3782207982999849
0.2936445102342161
0.27192352988352464
0.6364806404366171
0.9623174755663978
0.9975446607402835
0.9394829910635344
0.5478863242183157
0.4352554020629321
0.7603856462127015
0.6666764261296766
0.4675406406569752
0.9978439719686983
0.7057375765229722
0.3633459726498184
5.0569600281232696e-2
0.5201432894129038
0.829861421583091
0.6101280072399574
0.5820262989599944
0.7852488784436914
0.40997688702392676
0.9944386643978692
4.660232428953759e-2
0.48763715771449234
0.6477685698241539
0.5550217251759623
0.6726396261135436
0.1770098583786569
0.9366421215083364
0.975837035183451
0.7605663886176987
0.782772594841162
0.1472160894918927
0.4256521046807443
0.579145604845798
0.7857433322820945
0.2087648301375301
0.7744325927612888
0.8887634099366272
0.5709148002498708
0.15387371003319228
0.7061866960531994
0.29293747436125017
0.45545444037833926
0.4758500329973795
0.10709601996580365
0.8126484559244277
0.20044077818094863
0.13732599812118662
0.715664756954009
0.9028881378006312
0.7042043933320089
0.8010604107515821
0.21683491152780976
0.6412903439232905
0.35242968805758224
8.72986698010999e-2
0.6978734056610764
0.3881863769362851
0.3185985473510823
0.5606198876734291
0.2550798041659842
0.6248569509105747
0.9669869918869757
0.23924251082911419
0.5218286287428878
0.3849499381760876
0.29763349656898697
0.4091393891720042
0.7921010203667794
0.7294900996345858
0.745657626479363
0.9407735735057031
4.249047083325197e-2
0.6981057853391647
0.8442876730173804
0.6332308671121741
0.31099750862549647
scriptMetrop.hs: [extractTree] impossible
0.5807762009678888
3.164507406375272e-2
0.434917506938172
0.8333308376161649
4.871690660539352e-2
5.261343763991122e-3
0.16485012744241578
0.6351712454048083
0.48049174315373866
0.12826882053811695
0.1428923632808451
1.0014348503455728e-2
0.9573975017201374
3.149068315852299e-2
0.6686983900090288
0.23102051793424627
0.36564279671046396
0.5405933076580035
0.7825689142122235
0.8783004567843403
0.9872753816870589
0.6421360807287041
0.5420113581824565
0.9198311879041888
0.20928199788179402
0.23036602023110453
0.8918527252099301
0.5097246659204454
0.12876809650083876
0.2139374421042416
0.8060317214607223
0.5688440637164999
0.9320778699265581
0.7079606544414397
scriptMetrop.hs: [extractTree] impossible
0.84166036056313
0.24662443157418157
0.9077944079342654
0.19685572039760324
0.5714987742269152
0.10091186901263371
4.941059638843137e-2
7.587580080127643e-2
0.6261572772131819
0.5860178009431433
0.18935282290334776
0.798560074148286
0.4746529781766978
0.3462973117220255
0.5023135471725243
0.2754429879854786
0.8380145166554168
1.759988749543384e-2
0.8645003583308614
0.4100486975062899
0.39576374003772263
0.8758865173442093
0.6526526684254047
0.6741773938691075
0.3428933532758517
0.755621877585274
0.2822195994004738
0.4352225865927425
0.15073505848862168
0.9832975518918367
0.10787114154150912
0.5394228069314436
0.16996898023264195
0.44411958138123697
0.3582112381334678
0.522456733937502
0.34051451009471834
0.9564432426579027
0.4471008372303692
0.6263776951119485
0.8493425433294534
0.6821755526356011
5.656423557404644e-2
0.8952439262496933
0.6378722266034643
0.7864174142249502
0.5061885900635031
3.156677940512831e-2
0.5243535669821461
0.19490435943592022
0.4186025152330074
0.6587295006514681
0.39405784587515813
0.5715165556818179
0.10596144898401494
0.21497365548692626
0.8872096248603089
0.953236214172681
0.8048936542922379
0.21641910969963585
0.8985264127785814
0.41350353756956515
4.4371082083895064e-2
0.5226814810018218
0.6622252398872249
0.969708527239317
6.713043811780983e-2
0.9570721993566133
0.6227201806758033
scriptMetrop.hs: [extractTree] impossible
0.5178821020745487
0.5409978069928586
0.4275467507700873
0.13186686385759694
0.13954574567545153
0.9440493573008285
0.4287897137174602
0.9820311333512542
0.8655970574536979
4.167346894846691e-2
0.3658001385953963
0.18868782852491306
0.4657685384003877
0.5720780188090305
8.14118131854834e-2
0.6187692917527875
7.912859386883253e-2
0.4669300833833451
0.35011588996859755
0.6548976934379599
3.7518619108538265e-2
0.6250931614439371
0.7237345713211246
0.39040541073434876
0.7289899143966619
0.491343070697028
0.4478083867186641
8.342037751442122e-2
0.6874054371213815
0.44271770615262274
0.16355347535528264
0.150730916688811
0.6356070920717664
0.7278636773265871
0.7202092185495429
0.2010012403133291
0.4572634869562785
0.8423239584805947
0.2696782477426142
3.5290042523640985e-2
0.7772741391735903
8.869302532518442e-2
0.9815501231731419
0.44717076611859075
0.8955022361723987
0.8203302639357978
0.3206575862811264
scriptMetrop.hs: [extractTree] impossible
0.27372078715197723
0.825499991656588
0.912579935424893
0.5476046174459434
0.12107905679179065
0.20739028835265427
1.2257520289443158e-2
0.34850618323211846
0.48626739663377794
0.5159881768607865
0.14644298423871482
3.7493745254456035e-2
0.2599391918173054
0.591810721826823
0.28223904407969524
0.14237193141575577
3.4005582562191106e-2
5.283907883270256e-2
0.6667820972448094
0.4932463535043342
0.10681082382885154
4.259730366682313e-2
0.17766256634899913
0.12303278754469471
0.5996098729886118
0.29674063971326803
0.9029666210039303
0.9581557089977278
0.7425085646378348
0.38049919472313454
0.13523020011262454
3.1134345261353613e-2
0.6751774016081934
0.9055992865059713
0.635838536040411
0.5067672730979221
0.3698327874368176
0.5076247974111888
0.4079419359905748
0.9264568563301131
0.4149643664668369
0.8127771721306644
0.9854200289210867
0.9368790475068326
0.7481828246672663
0.9347346563956435
0.8145205128273091
0.29947995706120223
0.6498880869872902
0.39104818221440063
1.839700692677282e-2
0.5928502774343066
0.9912145515141654
0.17902499556311857
0.5588808213870143
0.2998211624287782
0.7488746759833463
0.9262013614655019
0.15210346366681537
0.8731596671590814
0.991864103757573
0.6863935689433774
6.789392687960139e-2
0.6073060869220309
0.5598116735845945
0.9673824040037312
0.12892879242011024
0.44703961726709995
0.9652392822754096
1.6363213216992745e-2
0.8723192225244963
0.2129449578390027
0.8628785401440758
0.6461744565364261
0.3242292683191895
0.6398641906214652
0.9140914499711593
0.3987881866787425
7.226227533124863e-2
0.45734816815396917
1.091068331482592e-2
0.3889478979940503
0.7269304500788382
0.6140641917813253
0.19910725998712653
0.7540476778435427
0.12509850959911606
9.808707201742373e-2
0.41943986022895074
0.6568400286906083
0.9480382918498195
0.8736704200782669
0.35200739715311646
0.18612247868115783
0.8519101698971875
0.39318721181148153
0.10681369117836825
0.7742991992607423
0.6777544174379219
0.8623177938918801
0.677120631976413
2.8535528398134002e-2
0.9490163607598076
0.11810256103669581
0.8382635458169635
scriptMetrop.hs: [extractTree] impossible
0.13270387491884528
0.4868616779279159
0.48281643540151
0.3245844935618344
0.41233773709540256
1.7337945825756096e-3
0.682441038322272
0.942118235356476
0.6625296574213323
0.6912563419399659
8.749416861588821e-2
0.5066529408931971
0.7585047622830196
2.0219481976897158e-2
0.5737951663288622
0.18462040997942208
3.559679181826325e-2
0.2743405356849059
0.8002799464119453
0.5649429865474157
0.45500670747193606
2.9879423024492535e-4
0.7893183124228301
0.8355698533788457
0.42464146319456886
0.3419160748122335
4.8221807588256005e-2
0.36663408753390125
0.27066490681572664
0.2897588710968323
0.35679131971624345
0.9620963698708337
0.16808839140520793
0.8100935761365661
0.9599888578130332
0.7900974837232754
0.8800908103265462
0.986170508231819
0.5865064641009053
0.5397029287732641
0.7107787462825398
0.6292831180185968
0.5223941456988875
0.6992572169197605
scriptMetrop.hs: [extractTree] impossible
0.9385211467163649
0.6955212506125256
0.48604333802985467
0.19483279475342374
0.4390064587516106
0.7068667727188264
0.6533521971180857
0.46332699729228544
0.152320100966843
0.5807834213507218
0.1915735267114146
0.43480023746060337
0.13894752739242
0.655058373935543
0.17620354126604554
0.5451638520642949
0.5577829523811865
0.7165934901045338
0.21180989352769697
0.1281030963818669
0.9973495915521183
0.8495156199737891
0.3868872225086165
0.21746657892679433
0.13182832386292131
0.7182237185948578
0.642715101736908
0.13871238559914179
0.9239432920426288
7.049465479827244e-2
scriptMetrop.hs: [extractTree] impossible
0.6928969873163341
0.6129266223831885
0.563904573972977
0.5496810843627914
0.4522717247073299
0.29100197227598723
0.20820070334933127
0.34063658514055606
0.525286149712873
0.8463970034259057
0.2770660737352332
0.960832770285844
0.3617482774437394
0.26033781840284387
0.9258649719570246
0.28568798575459897
0.9807336837689701
0.9987169875963183
0.7863749462905046
0.5584882638260117
0.7213489113766937
0.7442662388304114
0.8370258217699135
0.9521559297087835
0.303716981621425
0.6958556629323206
6.066585673090297e-2
0.20283452699933824
0.6040824619635531
0.4063904548958922
0.5568110480079028
0.4502605972148387
0.8565331834576576
0.799339343288119
0.6395054830876462
0.7909508831372801
0.38072971153209834
0.6658713004103619
0.4651324110878202
0.7757748326838113
0.17214629305312934
0.2157628463232436
scriptMetrop.hs: [extractTree] impossible
0.7478569795236228
0.7097536247854085
0.604119084990932
0.2982743088604608
0.9870030365053991
0.8406108990984341
0.38357680989710874
0.9945916244164238
0.7677266286952807
0.6671970885136792
0.5607573887166165
0.7475800547115407
0.952798863118138
0.299419183404361
0.6997911707541514
0.6919084708217239
0.6359934399287969
0.8511986348469204
0.3267629828279758
0.5675467210277901
0.9289035816745695
0.40114037086908694
0.32551316666320906
0.3996479006810233
0.7138335578240321
0.14619482393822347
0.8375831138258828
0.15882205277817618
0.1489097743203781
0.2369791147796162
scriptMetrop.hs: [extractTree] impossible
0.8193511327493245
5.796504846838879e-2
0.3158597629507277
0.5504417207284072
0.9601592042304988
0.7279149799179846
8.79917693593898e-2
0.18076835921670675
0.5906230192672589
0.24273794466846488
0.17585572267229665
0.29708029539008274
4.3397422205477265e-2
0.2515431796076445
0.7646734912820593
0.7052375950958053
scriptMetrop.hs: [extractTree] impossible
0.17254107778651917
0.1473572153274384
0.31098775408738877
0.7103481505116759
4.881506238569122e-2
0.2701316386102296
0.3285642647041148
0.20080399925409653
0.7231734669532096
0.5247580212888118
0.6527044591050305
0.3596146271504689
0.29053258418146954
0.9887410299025802
1.7890319066633187e-2
0.39541055852108753
9.880089894814814e-4
0.29200346197795357
0.6931300962362045
0.22040469459962042
0.8067768592669914
0.2662051982200756
2.1538978417928845e-2
9.164539497248936e-3
0.7826932998735182
0.8150329676445057
scriptMetrop.hs: [extractTree] impossible
0.41145831879796335
0.920840029376348
0.754641627466326
0.27550430296241324
0.23792031138484615
0.3502340186480072
0.8269084484984922
1.3828752209364636e-2
scriptMetrop.hs: [extractTree] impossible
0.9575748539771495
0.6614212983476201
0.17957025713866093
0.6096349180376698
0.2599809414522024
0.9648186182438249
0.6547493266924921
0.9769484575234134
9.559022996491395e-2
scriptMetrop.hs: [extractTree] impossible
0.33401153880418455
0.5230697549288307
0.17919825920892662
0.19907365396051524
0.5507985826224521
0.5363401733120082
0.6912202479892039
0.13711670533375264
0.7041148622633494
0.1444451837389692
0.38870314064199374
2.994551714032123e-2
5.4206246337155095e-3
0.6963330996231661
0.12570444118997048
0.32183326565222303
0.9998705380113374
0.3955595363286951
5.080313837680983e-2
0.7089272257743636
0.2422299035791481
0.7143406021721014
0.8622140225376088
0.12243353682878022
0.8492417205193145
0.4908061477614548
0.4210486278444666
0.3094911706311837
4.277272021397549e-2
0.879565252480352
0.5172883275025443
0.2831129991837268
0.47652397700415283
0.298661283543464
0.9141902317985725
0.20509119476688864
0.5371934450492145
0.2020731403730821
0.5102086330921635
0.8250925848356255
0.9565569950789158
0.12405483403696438
8.540505657878616e-2
0.6417870563327924
0.7758358554233739
0.6528888372007035
0.6494727006313038
0.47889669511096844
scriptMetrop.hs: [extractTree] impossible
0.7819627578642839
0.3066448314914966
0.18689622522213212
0.4888358416502575
0.9002620422200148
0.5374146302455175
0.8657163460384184
0.5759495658112576
0.5273320440326835
2.525957216969721e-2
0.18464659015173812
6.816851578859817e-2
0.19259037637390486
0.31561416793396135
0.5104962985434144
0.696185933882323
0.833637481914835
0.6619406464759531
0.7982688342453296
0.900651008057424
0.3718656394672831
0.7854717333219915
0.23126167072637938
0.14080584982921052
0.2010401195666257
0.8687499178570085
0.2839179235100592
0.7342210145118965
0.6650042509929966
0.5686893855150802
0.5379544255916985
0.8081132292512406
0.8289273557476863
0.25778767399699787
8.516952878669526e-2
8.959855553414386e-3
0.1929450822040749
0.5700285934555364
0.28479026835765275
0.9298462728878157
scriptMetrop.hs: [extractTree] impossible
0.45884187376525787
0.413340593189809
0.9853730785041691
0.6411142451698243
0.4169665759276465
0.4650825487313023
0.412442849807548
0.2981190515142095
0.7564197812136254
0.2213442820657895
0.6264557858570775
0.49535514627067456
0.6893618905839968
0.3191343022440577
0.6749491543147356
0.7951088240633647
0.8941268955529044
0.7285986996194741
0.6462212376817161
0.7107035099938307
0.5122431049296029
0.33838349664046075
8.812687270757003e-2
0.8551286236698389
0.7155732118587713
0.693604749820638
0.6194664609773913
0.6253903478127621
0.14052984120578704
0.6279541839431676
0.3444477015667672
0.12840993118915744
0.7930259501882718
0.1353964975651526
0.6533206152662211
5.180526823609244e-2
0.25870206980432664
0.13852918430912686
0.6009608706296791
0.6567959325872147
0.9680715355216759
0.2219426454796044
0.43831141342267166
0.9125640277924266
0.14589246603289363
6.1185185638992556e-2
6.550462194243323e-2
0.6509359910279552
0.4916717535250147
0.8591391991082921
0.5401769756345619
0.6642995713197662
0.5525503032560343
6.60235024370116e-2
0.6496581160944709
0.8384773972660075
0.6545025740547704
0.2550311557922157
3.53832163394997e-2
0.6366997714495416
0.42875944576181146
0.176694080155276
0.2577912712813225
0.9902806875935862
0.1952586308943608
0.9187074498719056
0.9182739267202392
0.8689803305743341
0.9839806972580744
0.48556770043584463
0.7501933075120278
0.4577937787638101
0.25370407941343565
0.6654239797413702
8.105954217170985e-2
0.6415924107539667
0.1382096067304307
0.8111682307325215
2.709573692553524e-2
0.8027143805592095
0.7448994334147226
0.55303221325412
0.1927777407119552
0.586672139730101
0.35077058343966294
0.4769571366030475
0.16046652233869174
0.3566706896740205
0.6152071232841355
6.62759076053282e-2
0.409748702181307
0.22327009630254147
0.5711293357463395
0.28459849232750767
0.6062158283912323
0.6414893805798895
scriptMetrop.hs: [extractTree] impossible
0.1776024297292481
0.10980741772699554
0.3912977108443946
0.40327897201362883
0.27942985081751737
0.27253225781273616
0.8938473270650783
0.58713785963218
0.811695630250011
0.9884912474651942
8.851475367587935e-2
0.19985179946211684
9.692085376373216e-2
0.930875545945051
0.7481193693144886
0.9541961195671155
0.10838056306049404
0.6662369108646281
6.767076469024069e-2
0.5444661940556667
0.5134222592773267
0.11473599005182822
0.27433409265706754
0.951587128775988
9.681400797099238e-2
0.594514936100604
0.6379847584183865
0.917239244874258
scriptMetrop.hs: [extractTree] impossible
0.15246117073480903
0.14459063565475427
0.7663689579234582
0.807598746591886
0.6692868456505164
0.5360023212819579
0.6751190616635611
0.4172786873672153
0.25663841498813633
0.9683141597702082
0.7666154254918213
0.8030761190604357
0.4996886530342616
0.9072258995273174
0.6982413852484098
0.626165859249986
8.022921130989202e-2
0.16556073693401385
0.26668129913485983
0.16179983809660226
0.17320069945289507
0.8899865342893652
0.8759396952530366
0.2093703489011528
0.8625984863890365
0.34815823159103176
0.3830484994811071
0.18417345947602837
scriptMetrop.hs: [extractTree] impossible
0.2537707234792862
5.3737961758211106e-2
0.9786436726462874
5.374680741763316e-2
6.644340088907119e-2
0.8227143265769096
0.764964789465182
0.34274172622027377
0.7371811777847262
0.48275205731295723
0.2739442104698585
0.23828567974089598
0.8643444897850469
0.41847276212306117
0.8800027105457947
0.8967814453126514
0.989093911854842
0.48454376506523655
0.968784750442019
0.49216693729835603
0.6028136492182291
0.6205515839457497
0.4344305601751609
0.2040833631915019
0.5126460870301174
0.4910949679569768
0.8517602074890994
7.7522776788015e-2
0.10897325153279203
0.29959472103776286
0.590569259439714
0.3250584738991934
0.8737420535295685
0.9888377956220237
0.3327188777625335
0.8858712931094422
0.24484757638658416
0.9949858354736999
0.45158043434796735
0.88298847180166
0.8379391433402118
0.5204978675944337
6.246628074960803e-2
0.6891258852651269
0.2329134775144247
2.9097732724183145e-2
0.7911081073016614
0.9402361834456964
0.14248445547297173
0.26875310916952067
0.7231003766428258
0.8384086205106492
0.36968190348053775
0.6029637425731588
0.48990086246371234
0.7986780838069748
0.18046287014816953
0.11980254023244508
0.6714184577986474
0.6776755671350846
0.5188192207880592
0.9270000887662472
0.7751532175664279
0.9040431350065209
0.8318593574054755
0.6609484432694829
0.9593820332018691
0.8459137221076914
3.395765796922412e-2
0.8652700773276439
0.5911753538477506
0.8649126712992333
0.9051241734027377
0.8306073672187652
0.3584933897730661
0.6126216018668887
0.5149936593894856
0.7698849002083129
0.5978556393479849
0.32509100670523516
0.38743731486925304
0.8551158129065083
0.16949506621540367
0.19910145450272176
0.9458385568965354
0.5755616191265388
0.7507477819399518
0.4122588151672478
0.6794407051423444
0.8019594455548654
0.17373028960079384
0.6376950331171837
0.43725434210817504
0.2618826804250004
0.836547579702961
0.44897400614766336
0.7136072775137442
0.191140592265708
0.31748022942308374
0.14750672770545858
0.42905830958405533
3.280879923185698e-2
0.22851684968661823
0.637516007854889
0.7346661692218904
0.24013007825392718
0.579733345599951
0.7044856709662409
0.9395262684199185
0.8502269622822766
0.5733096814184212
0.6309029665946827
0.8879947780967238
0.10726066105815157
0.9128722937728998
0.8729971735154373
0.1940556447584113
0.7158141911391412
0.18665720510211214
0.5659247786807587
8.525649601806795e-3
0.8994169957808439
0.18247195514184045
0.3221540228148406
0.11410161701442745
0.47608432543598
0.8812777418471341
0.8588880110500988
0.8814017048906991
0.4401560823089191
0.8611689725598387
0.6343417840226927
0.9936247228178924
0.905608928565916
0.9736221921578018
0.728105475433721
0.17399665669818332
0.19472019608707092
0.8208563565216144
0.4015806780546548
0.6454123657539151
0.9267125251989509
0.17873539914570757
0.46371864146900055
0.8208367870593732
0.4323024155896765
0.352363774605173
0.2674819382509458
0.5543499178878902
0.1484296211813213
0.26328038759848627
9.744048062190658e-2
0.7475949182776619
0.9350214940103244
0.6928206861473672
0.3734639533199161
3.927378875421306e-2
0.8580358716038382
0.2615884528400322
0.20069041790425157
0.3365238233139948
0.738611391218634
0.2840087433896127
0.880112445705637
0.9353577728601467
0.21524839799419515
0.23527742687700515
0.3726798291731289
0.9662199155632262
0.6504713334129674
0.5903640981604673
0.678482854830745
0.1688371707293458
0.3427624236308654
0.2934550185202728
0.6450020436093692
0.6124701641129872
0.44604718348561734
0.49025742215504653
0.6781541911724694
3.345700802005391e-2
0.9547515166770079
0.22010877020201358
0.9139728192724764
0.9886524717790272
0.3269698531063695
0.1117287667289234
0.14256452206097758
0.12143190693521821
0.6292273841797967
0.4112726523333551
0.46852517011128725
0.45556019031475026
0.8466146543051799
0.718202877880232
0.26201524501341644
0.3423014126971978
0.7455338713161238
0.5548105678931273
0.6209434217865953
0.5530289751883116
0.4072972516928254
0.5004441814288684
0.43229104758850434
0.3080262513605242
0.28633201000890895
0.15653717306053772
0.11280782300029746
0.5669567837128967
0.14610265934740208
0.610998393494575
0.17508576250116648
0.49451167984953603
0.5674976801832298
0.7233546872708029
0.7740836180778764
4.638516805376447e-2
0.25756063749053226
0.2591317643580838
0.41428361979564954
0.6661291438327296
0.5132471725188686
0.2801256496277732
0.22420373656941972
0.25207214033937186
0.6626553816499573
0.3230953770255679
0.3115011844279597
0.16543879020972863
0.5258170466548181
0.879