0.33971197123730945
0.8356025029583042
0.37295945148745424
0.6248957529527742
0.1952958182362411
0.573547545213242
0.47980724085157755
0.6562460701230904
0.22188924768165152
0.782543280051473
0.2460948704405571
0.2528997809645951
3.286916974154719e-2
0.2871395667175617
0.9189364398381411
0.42789307575320634
0.800095140162476
0.886141282331656
0.843640377545995
0.9015547582945284
0.16778586345273616
5.749352737781244e-2
0.13024778987378027
0.8513972160786155
0.32705654833327913
0.32104211179774567
0.7621806885318235
0.8516494866604659
0.9002197473563772
0.4444011500938444
0.9306507795424727
0.19566038082681392
0.5657606297106886
0.7760558750145435
0.1898523793876371
0.8604296392750425
0.7957481817294841
0.21876664212732744
0.9724031156308292
0.5198086141993238
0.9241512680040901
0.9527305658174544
0.6709017842300472
0.49397665392199197
0.7169410695137993
0.2787087301996375
0.6323246742714129
0.2130982144814525
0.47914014119294246
0.47353391170223114
0.1442968466800415
3.369205790032204e-2
0.6335469467422946
9.383098862409434e-2
0.34651572729797986
0.9132988184476608
0.8085363184527908
0.6441000012285468
0.2939676649230992
0.2808560301937707
4.425704314627288e-2
0.34791485635918595
0.4891998755119179
0.9668898489722652
0.6838727013008826
0.8357764414853807
0.49095744609431435
0.8734555706323791
0.8614685152403861
0.9334797270495091
0.86548224613566
0.8768932118849376
6.907068615970624e-2
0.3643255761714582
0.12946102654666702
0.8559771905155974
0.4090171868513196
0.983868453716478
0.9404798377607296
0.4838766633981152
0.7230752326469815
0.5661091480350554
0.46457687394655156
0.952817525525271
0.13794237522352726
0.8826918898895831
0.5643354127012211
0.8224779408226573
0.5924708595611511
0.40986873645325217
3.593229604501136e-2
0.29244722298482706
0.666549625978846
0.8483558963866885
0.9517877619677458
0.6957843130260869
0.9656893115795863
0.37902420992201746
0.7367230986283649
3.732792367320792e-2
0.2803538270579683
0.9490787368937693
0.2704744131921647
scriptMetrop.hs: [extractTree] impossible
8.16517173239909e-2
0.31671009570582676
0.7093995960437635
0.38536191864031644
0.35781299792533783
0.16444940615013393
0.3566228751555399
0.2809850893949998
0.6107612966590253
0.3449624140794624
0.5004580469250314
0.8509821581947213
4.986224378326176e-2
0.9265072834993425
0.24286564146371126
0.21401114196720916
0.9349359038801449
0.625236317625523
0.27852399210662016
0.9216827728375317
0.5514642727297231
5.704255560168636e-2
0.25572727274485396
0.8520661867887581
0.46901634476386145
5.6927846047973296e-2
scriptMetrop.hs: [extractTree] impossible
0.2826341568827754
0.4583687681349068
0.3791713610596271
0.1784643206119697
0.8960990516447235
0.22379002253165037
0.8937340758794793
0.2846021145144523
0.9093705588448265
0.6809430607544981
0.7093020538144629
0.8428099230218616
0.3458386201241289
0.2529701131347585
0.7986219481366573
0.8888327055314656
0.9130280115909238
0.3543019277971674
0.4794199333943482
0.7394827424097928
0.12537204807393032
0.9342647045638114
0.5460631165168942
0.6259542090186542
0.5976324893276826
0.7924579418649876
0.4515095938208288
0.31209145821939266
0.10199264276582498
0.46429656596313673
0.7383366666769166
0.9111985633917318
0.25293440644594767
0.7593828950332141
0.770869104592301
0.7881218981537074
0.5078511309319281
0.6598154213256567
0.7975122896843138
0.36224135235185007
0.15077370748061691
0.18979986968757012
0.7742166646980334
0.706291137094767
0.663587453691124
0.461465029501421
0.8335884898314178
0.5289484471269977
0.5863830068963299
0.8052168969912527
0.6043379544049551
0.7902271264731006
0.87970266163056
0.35385173065646913
0.4603880350716284
0.21323594307711147
0.3266900220602512
0.4062862752039461
0.8770070324437965
0.6989454649821086
0.4980775782642194
0.48689974189625007
0.36570210111154144
0.21398823759249586
0.40611016552674883
7.902674464046233e-2
0.5329405771656454
0.2167505385647467
0.6443097329959976
0.6557745489676562
scriptMetrop.hs: [extractTree] impossible
0.3957003786524297
0.7031256081774565
0.7151458106680427
0.32050831333923957
0.6899679643071835
0.12589894681999658
0.8996367146735781
9.568219534824418e-2
0.7915502626325998
0.529408431698181
0.41312553678243347
0.48953518980036137
0.5313919014604428
0.46935522724641954
0.47557686007330024
0.4006694740308995
0.7169102978798899
0.68985200845758
0.25867185543456384
0.10050157616118172
0.48832679559659964
0.4901396048220551
0.966724984634849
0.4005547620746116
0.28363897212469225
0.9523483714084059
0.6473554320020397
0.29463188606008617
7.635000017917137e-2
4.0648101836017525e-2
0.125973307580178
5.095187872273799e-2
0.540874316802518
0.840768955160701
0.23421137763873412
0.9799962121436862
0.5423923029536896
0.5965618731591505
0.5121701030037628
0.5108326984126804
0.6195713431992561
0.3678911114862765
0.6207810114799189
0.6750041744090253
0.9810831233630263
0.41267171741228237
0.5139800332885663
0.41572003278970204
0.5874960252756672
1.837613162539442e-2
9.181020224958003e-2
2.3635136060733752e-2
0.11412323889759868
0.20885718252957386
0.6707975410017283
0.8832903198135379
0.8406344795072261
0.7273439437872283
0.5683743235133564
0.8515288735201808
0.35057752097204575
0.129446965763225
0.5397154468993425
0.3901231564291655
0.5597414358790597
0.29902260477260556
0.807365608664865
0.5777688646965292
1.3525799990375953e-3
0.6262717391066203
0.6167239123666189
0.5929925347221697
0.7834559991638247
0.8102811621469787
0.9395462554419723
0.23941009804718172
0.527766315995215
0.1927036362757929
0.3691412600242875
0.7296265006925128
0.5328184238873089
0.917589998611822
0.13798092953803043
0.38198650341747975
7.331320135698915e-2
0.7651900653259499
0.9179967013462954
0.47314251551616204
0.5784086999084207
scriptMetrop.hs: [extractTree] impossible
3.6135318345077994e-2
0.4371343028333655
0.2810197155301376
0.11413550351456159
0.37413889132782197
0.7451774729952335
0.8923806645129665
5.806901545720444e-2
0.6648838064747477
0.3673410378852565
0.44753925944075645
0.7762171132301473
0.7219488677371145
0.13608951733066366
0.8630628688660223
0.7688630497947501
0.6379711638971021
0.5485975997835463
0.747266875600009
0.19312224734009542
0.9234073252931646
0.7177496915339118
3.2479054294537346e-2
0.8391729832659093
0.6384778746063616
0.5900920477678117
0.8245763142319019
0.1536927384977177
0.8362827480440284
9.279007185135735e-2
0.7666161281820311
0.9256020964543431
0.2481464090956026
0.9600271548851967
0.7211166141543278
2.2733934628827668e-2
0.3804062767486024
0.3164864783681577
0.5929223812495369
7.836870793759221e-2
0.3190630720716129
0.7300247856346757
0.7830193881497641
0.4527514775119056
0.8168925598714466
0.4590281227528642
0.21847746432191795
0.9084345006840252
0.9463049872893631
0.5126265334970942
0.2492960268137393
0.447255453480064
0.2870196507911261
0.6771683716688189
0.4556780231383587
0.3513866951764507
0.7803060176532756
0.13989769409431008
0.9684910220102753
0.8215654877115498
0.8993503425850456
0.27513993725798447
0.6525347968009437
0.9780171645442387
0.58530735869503
0.9728695884621664
0.3520418153173376
0.21563661513736287
0.6828790540194963
0.3308746245344306
0.24198758986605118
0.9526832129909858
0.35129480539883573
0.8306838911372424
0.3383952028248395
0.7857234942418473
0.5465288957481794
6.93587435671289e-2
0.7774796501868416
0.511597300256167
0.16078086214515175
0.478508915094651
0.6200333132492691
0.2732946885710449
0.7377486519652191
0.2543137674924295
0.9529830996376184
0.9986886206680684
0.6108688554931748
0.6053758787295297
0.8559270136212177
0.7661538324763503
0.3674597534981964
0.9467679656716118
0.6583788843504018
8.692171554512662e-2
0.45457206806743244
0.9373744774768299
0.9172609270464455
0.3392782625470717
0.7197033908379536
6.691867397159712e-2
0.3351822694470049
0.5509935994203877
0.13225620596514143
0.5601796643067937
0.752386130539546
0.7265743718948828
0.33957942080003367
7.600231481286357e-2
0.1409107699119555
8.348264313568943e-3
0.1650940655991341
0.6245328272860388
scriptMetrop.hs: [extractTree] impossible
0.15584184369342846
0.26250698347790624
0.9186234497119697
0.9799922848851746
0.9484009162882784
0.6990602913781775
0.7846489841695058
0.5604483280951019
0.6212031271718833
0.34265532552800326
0.414212053050815
0.16188068036890446
0.9679965692605889
4.950869912879596e-2
8.643586783164114e-2
0.23503496221129871
0.5413870528780874
9.073965172869625e-3
0.31448545793105953
0.3506064069664122
0.9559305332675819
7.267230555259852e-2
0.19293168621396106
0.4911904475206922
5.749090352761377e-2
0.501831435025731
0.5886013633482966
0.7387256827257521
0.518536151517014
0.7766026707686217
0.1477501267504061
0.1356977517318395
0.7093816511500509
0.9067210297489742
0.7147145014604545
0.44172515186080796
0.17380360125201288
0.5569483820518987
0.23855005295161258
0.1448845324374316
0.42383600726125426
4.7658348678398244e-2
0.2974916436557976
0.10562701133113561
0.1723887077321299
0.8828891421158148
0.6833761423286734
0.49613204253074705
0.5150884835346191
0.6749811786984729
0.6508681365769279
0.5764537715063826
0.7570621384854442
0.3564884274374004
0.9399889842434151
0.18380767787164076
0.8364469380545981
0.16011797312731801
0.444751120483155
0.34538229247802443
0.5638227486631461
0.8889616210074446
0.599022831514663
0.653162424156773
0.8504101003475585
0.45670559037907543
4.944404312637618e-2
0.3293039733505193
0.4325970866498242
0.8685717564372016
9.497986572037187e-2
0.7217037586715148
0.1884519954524081
0.4500935073829059
0.4284441027011815
0.7109648509536143
0.27428723268763544
0.6229623721161807
0.18675424238173777
1.822762800154476e-3
scriptMetrop.hs: [extractTree] impossible
0.9404273268005877
1.1710567246538628e-2
0.2764831979408605
0.6056987168971176
2.363908739177023e-3
0.44976112479833075
0.4160008328477728
5.110437010461777e-2
6.866307837426511e-2
8.264082316664434e-2
0.9738653168569747
0.6400324333303357
0.6151473837914366
0.9134888500989283
0.7289569654243665
0.3161963422424606
0.12020195464554961
0.3458953861659403
0.6910636165038303
0.3739297390445854
8.41192639124172e-2
0.5498974684173416
0.7514508698851795
0.6848808989417371
0.245289310358063
0.7354636614078395
0.29494026504169846
0.6215668248584724
0.5009865935834642
0.2297922721478295
0.5899567800784568
0.5987216952647271
0.8980383347441184
0.3233619387691885
0.17339401642376762
0.533262079656528
0.31588379714034553
0.14770978892952857
0.9412062679363288
0.44834414613219586
0.8564654733042137
0.22871542676719347
0.9009232089515143
0.7034207733617771
0.1251372142395487
0.7985251589888104
0.47818494979034776
scriptMetrop.hs: [extractTree] impossible
0.237560178982399
0.46441422656844666
0.5606719204912117
0.6972744605280071
0.17730438475484311
0.2618960587471376
0.9379696183781537
0.349706378343407
0.200279578914346
0.7187090739422116
0.8958855525585322
0.29500224997705826
0.49844629312483046
0.9069630746340079
0.9387346905749144
0.9894242323400005
8.732581444544951e-2
0.39466588505871225
0.9221663000883377
6.209199682742306e-2
0.7339005346389117
0.6943147352409565
0.9517650353795178
0.8267394448419222
0.5780283794995237
0.19312458880721517
0.12483419981606458
0.8454328158354342
0.8609251623977262
0.96341112131081
2.4867367461120282e-2
0.510468116363843
8.595257182197258e-2
0.30697292545415966
0.6072460216735992
0.39145016082210826
0.6732513246298882
0.2193302048291147
0.308985607469381
0.3050084375124079
0.31553345364623386
0.7922904614943086
0.33978081091500767
0.6510840017241165
0.49333034312005697
9.815296688771846e-2
0.16583314735380605
0.8600260155119984
0.3043122880739265
0.707393542807515
0.8778404711013418
0.28340554967279175
9.827803483448438e-2
1.1177010981597069e-2
8.739916660540048e-2
0.22468423867593323
0.6201604551503593
0.3169517236145233
0.27011523260038117
0.5826418721713881
4.8595514126010264e-2
0.6442558351343687
0.6490076158495232
0.770066087874483
0.39948332237542516
4.235915844337501e-2
1.7240417894456406e-2
0.951296758776098
0.11049187408043715
0.4090190883278252
0.9095232163527588
0.36711185789795875
0.6203281744634316
0.5746840309802003
0.1160822328218204
0.6676903229511867
3.519077028535611e-2
5.822452337989781e-2
0.5629222215307822
0.6514656819247876
0.4656372047832341
0.7482127210178459
0.9177542194719287
0.15546694026524566
0.6909730676493727
0.6713608677418711
0.13877119123945236
0.5149280947231175
0.2894134907049385
0.5243967723998756
0.4841347359480056
0.38607640339006155
0.6689268930724629
0.10332649783444536
4.3910234238219936e-2
0.5001130107742667
4.401090591762602e-2
0.3706655320745075
0.37820265246754337
0.37843464005478256
0.18437855161923788
0.42008906148187786
0.6146911544205301
0.43486628120881143
0.3623756729514057
3.5176751365780246e-2
0.44464564816590746
0.4821688481024099
0.2877262204597565
0.5533196203471672
0.43133954423358156
9.615125158551685e-2
0.6869148075582733
0.8457069106186722
0.8321193619260342
0.5580663400564755
6.832051248887117e-2
0.29704157930043407
0.7401358033973445
0.6318919894492426
0.3785953929899476
0.19189698696727764
0.15961763922731553
0.7074598184558799
0.10537980385553192
0.1888602251490209
0.6708260709457788
0.5484976271476384
0.5201161428385853
0.3548359973399061
0.628420944734439
0.6586814361646923
0.5071853637529052
0.729880077449235
0.49089022885275024
0.2886549347029431
0.24782355394309807
6.127717895778162e-2
0.7820750241120052
0.6507413947520374
0.4706149847465776
0.21001372095693938
0.7907884742955821
0.36290380819952095
0.6551627775344336
4.288246583543798e-2
0.4041916676696561
0.572615101163661
7.591394830049081e-2
0.35206522668254314
0.5912483475731131
0.10006523284164415
0.7924647034430575
5.716786088643955e-2
0.8863828137411843
5.2519756668541695e-2
0.8343915356562098
0.3807506904105221
scriptMetrop.hs: [extractTree] impossible
9.686575449840007e-2
0.8052036478440981
0.29340032519013015
0.32228933810267446
0.32889240697650324
0.7063314358119802
0.6294724060817897
scriptMetrop.hs: [extractTree] impossible
0.6384748880095666
0.9714976561904992
0.955123330860785
4.240380597934934e-2
0.5135217286014296
0.5781088411369563
0.8468295514282133
0.4528160224900363
0.5034653468093088
0.25690641805273107
0.5257118524602421
2.788706791488782e-2
0.5561059723427165
0.8121580661738471
0.874016255038787
0.8657071961866333
0.4530739652674668
0.5830263210146337
0.5262915759913792
0.26712058020295537
5.4130714199825625e-2
0.5276869626801087
0.7768687329525384
0.34168419467960265
0.6025791636377519
0.6854592017695821
0.22359657373388997
0.39009833869280996
0.8667330567221873
0.8818365085753642
0.3324807196999625
0.7629429272991705
0.8051461700434884
0.5025036871099212
0.1812873798767377
scriptMetrop.hs: [extractTree] impossible
scriptMetrop.hs: [extractTree] impossible
0.16148344618314103
0.6277085799461201
0.586876846799763
0.9928612667865656
0.6981060924152563
0.4234976274129386
0.8376702553858809
0.7653316241092339
0.3446968205651676
0.4626454456821757
6.098116488728633e-2
0.14485131971037013
0.46872771491627974
0.5137186306206384
0.7983521674837785
0.6311013091245202
0.14106938668591085
0.613451985206135
0.6103028360627595
0.7354471252879237
0.2642643271669597
0.283069412500094
0.6258342178923543
0.7878244590078359
0.8214577284759058
0.9970758364588551
0.33601467541748653
0.5385855976772577
0.1504495757631813
0.22755823315308732
0.5050289423437734
0.4486560729128831
0.9414570475685583
0.9169565113291115
0.3567644682827239
0.15529908742468257
0.534695927342825
0.7223684272845442
0.9367456943657492
0.6854350643274952
0.6830971447277606
7.592416243381994e-2
0.5025345610072244
0.939129830482481
0.19940486486445563
0.7713519108131502
0.565542987928843
3.5085414578229224e-2
0.910472485866861
0.23059094593609786
0.385312213586699
0.3093613975292514
4.265904217630523e-2
scriptMetrop.hs: [extractTree] impossible
0.23749297973102312
0.3001614941175662
0.32547069431496933
0.3032046049585654
0.612895245073701
0.9654546921197197
0.6314276519737875
0.7871244705497081
0.9326084563761571
0.11720437778600423
0.3949946456486869
0.45694108708847214
0.20211903960886557
0.604146041267796
0.40854190114486644
0.7104442860084116
0.44662886690580217
0.7967059910915021
0.7531934549224607
9.516004739505524e-2
0.8267601489604185
0.3308780375267638
0.4400861128627108
0.4427361908064754
0.9623616504040381
0.6574904128010494
0.5002354763960429
0.37532432869888577
0.7302635189418875
0.5925589726748782
0.4268698647849888
0.24948775229974374
0.5708025895668695
0.39331226107100103
0.9228410865720315
0.7706543300336152
0.2813692350225948
0.42904089266522705
0.161642793926572
0.5853766685502563
0.6373930685407724
4.247674539637225e-2
0.8638250750730591
0.33092194546752884
0.47191470627241394
0.1431867296921897
0.7240152817383881
0.9897332891276606
4.6111117731824414e-2
0.27806871800543365
0.7814273528789769
0.20858831184160798
0.8325419939522988
8.184211946923658e-2
0.1857334894114121
0.9982473042195993
0.9920703099739691
0.7217079058813517
0.9832605797544373
0.3824869210524461
0.1184123680536876
8.911705144247317e-2
0.4790516215140531
0.6717729348550806
0.46609935534093905
7.139424673764017e-2
0.6010664907528293
0.5393880328826915
0.48950917581719355
0.6099169269581423
0.7686869080299547
0.11082212289539994
0.42415588827708384
0.11676917909216444
0.7679027738183238
0.700018137465157
0.8389094622244352
0.9184127634068592
0.2468032332968083
0.7805503103457866
0.9913246609352729
0.8611620837975317
0.7053553965882501
0.7723473866898979
0.8868223878280558
0.4404251987229987
0.7824019809768227
0.4508740847697116
0.7004420168457178
0.31532695149548917
0.5872004126760771
0.7500947630486351
0.9479466152506489
0.7379098569744474
0.9411027312530028
0.12889215301861945
9.48308046275651e-2
1.214423822673838e-2
0.221433164060295
0.9448568427126486
0.7824976215459757
0.6135357950667942
0.7954944500510527
0.8242762450181419
0.9293628370195318
0.6866210853587288
0.8849896496556399
0.5189279972535735
6.681827105479343e-2
0.8307335978077072
0.2535959205469084
1.8016714581583382e-2
9.996541784628155e-2
0.4486843083213298
6.453008165161267e-2
0.6424063859744754
0.9339826542083215
0.4301678079164183
0.5249270185954341
0.17914788541979176
0.5753143176456502
8.079119551485603e-2
0.3429424080938154
0.45021945761241067
0.9881132900905633
0.9178647469832036
0.8303424001216292
0.37610459394411777
0.20387339513531166
0.21458152372552697
0.31397517160517696
0.8767160853019386
0.9640389477788597
0.14453273316792103
0.16848902192485082
0.3853403924923243
0.6330371406194378
0.6892143337034032
0.8307960300468807
0.8679564087225898
0.6502000860639526
0.9466138605255615
0.7208999379050997
0.13178290017035066
0.9634665500033893
0.2733485833772723
0.1372265999992056
0.9950297518986678
scriptMetrop.hs: [extractTree] impossible
0.3235976691206116
2.012328925238649e-2
0.3578424444114484
4.1708017753145143e-2
scriptMetrop.hs: [extractTree] impossible
0.4071907289821476
5.518960572246712e-2
0.6709816507522312
0.7661837941147044
9.11550425782447e-2
9.716880693144259e-2
0.3039719617216824
0.7788242322673554
0.9931986984468427
0.7976507273932784
0.6632989520264404
6.2775351199445e-2
0.3874216258391553
0.6510699644638066
0.2420554453554743
0.2357279727654228
0.8494650821222925
0.17707850621879728
0.6313230188829652
0.5091706953606782
0.6099766922012927
0.525748201512111
0.6473125897824473
0.42506650050926764
0.4574869379924448
3.657322195502266e-2
0.5266496733982468
3.9914302808051416e-2
0.5151295870599993
0.9344793286525678
0.4419056911171305
0.8747282564180198
0.31735480915328507
0.7607806469861126
9.624742804272601e-2
0.13105719242149194
0.21175323414343794
0.8457924996556311
0.5458572310253725
0.3738623073826194
0.7326814543052272
0.5241270535957175
0.501415025290168
0.27354284592845113
0.6594543679651971
0.40599375899082013
1.3983296835468617e-2
0.14568601695887395
7.333710808255478e-2
0.7016781716765347
0.6415530674484847
0.21910212041382005
0.6093037887083862
0.9468794221183842
0.29684147493510993
0.7554351251329886
0.7004891286584737
0.8236870735475353
0.7087140788657832
0.3089951994216652
1.1856469706760353e-2
0.45015203272018856
0.7029169438267889
0.15296201357009498
0.9560963327164514
0.8130090508732654
0.9577049932862532
0.626983047566254
0.7032170378109676
0.2555175504195132
0.35551320891854765
0.49485922198334886
0.8728669896384679
0.7714334236198573
0.926360173183597
0.7908786855078432
0.8966318295202717
scriptMetrop.hs: [extractTree] impossible
0.13831595142500663
0.16995343145508757
0.3458555211405484
0.41589758851599845
0.11046674773248888
0.3424599912974521
0.25732383837817274
0.7298832816941553
0.300775434558873
0.21383139325419254
0.5930392145677107
0.5412305087515193
0.4138522419960623
0.31044626803811337
0.26289369341114066
0.36659354774109876
9.788423594593143e-2
0.4587640996144454
0.21865039452095358
0.9861969260863094
0.5626654442675448
0.20873806850636412
0.5113411909275479
0.516267186522919
0.14875334652550698
0.9548091811845464
0.3296791311504369
0.8236885665244483
0.8901009305712216
0.19537731622269583
0.6231501477440121
0.42734424615319233
0.3130577623354932
0.376916151689794
0.7616974058337272
0.6032246907531723
0.23162112201369045
0.8680138127225522
0.8789239601161037
0.8228554953610906
0.5476655093649706
0.8095864680327406
0.559188014847061
0.9077001629875522
0.1326562391615299
0.17097473834943788
0.937695896289325
0.46435071007866247
3.8819685478492905e-2
0.5793167803753391
0.8487620184297212
0.9277951023305179
0.5735969144483369
0.7038151336636679
0.4633548161017448
0.7556745305059592
0.9254385440887792
0.12315489977960248
0.6221043310683881
0.7450188379503465
0.7640570623678319
0.6382767763089806
0.6998572373952311
0.9687629308301874
0.7002666089067965
0.606901026434839
0.5479068165301938
0.4073668644933256
0.638094899638335
0.8225381970259104
0.8182978503513089
0.2480916937151313
0.8122162271228491
0.9586023779977152
0.9142905863730083
0.6349081423252788
8.160397646046691e-2
0.5355110107261819
0.6466904296933821
0.2784358907664496
0.7977560814717376
0.30315802367203093
0.7749655357492699
0.1133258256368409
0.9993565410560082
0.794864735430752
0.14317343139607808
0.20942424351343203
0.6317157201258209
0.3730724075829127
0.148593297707864
0.6955653255359308
0.4349715205775898
0.371215691767648
0.6588166927463958
0.4248731738228778
0.5204108671917899
0.6162469116732946
3.76178820843861e-2
0.36376161007199637
0.2604926215281519
0.9608602351707908
0.8622778911249297
0.872786762436725
scriptMetrop.hs: [extractTree] impossible
0.6651244670783324
0.929671650342908
0.4350203200747279
0.18796225497928132
0.1983512907454149
0.5607438519633566
0.25377506304275277
0.24425397133215976
0.3381181474448357
0.41334126170949304
0.43875061197819754
0.10504480005943984
0.7904471716801186
0.9526547209411472
0.8835637723167927
0.5356783016823182
9.327890156262708e-2
0.4110243989305099
0.2472257964734842
scriptMetrop.hs: [extractTree] impossible
0.6663491341793178
0.27397827060365276
0.16888731999943019
0.6107533502415522
0.43720646349486614
0.6551860423601396
0.7284933688133594
0.5942771163006563
scriptMetrop.hs: [extractTree] impossible
0.5533070896067634
0.19145188084945308
0.7480140143491295
0.5068698052747106
0.16421580154220095
0.1483555064922174
0.7684687932336939
0.22547395393489744
0.7871607011060716
0.6727383517281255
0.37042561877442115
6.677887531994575e-2
0.8961322312140355
0.9390651984625714
0.22003712865320557
0.6149829358364206
0.6509574352891158
0.13549087573617624
0.9511756566887105
0.36851274242270204
0.5847352641348128
0.38578210508735056
0.1201336558081526
0.5297259689315924
0.30119255421674584
0.14489089426202695
0.40472792725485995
0.21633763006430928
0.19573316054064194
7.971676121527937e-3
0.6745382513498442
scriptMetrop.hs: [extractTree] impossible
0.19869071529030802
0.7449345082197912
0.7783667290024586
0.33040975955145246
0.9683994593352788
0.3645347189663196
0.644291008864852
0.4483429475886914
0.7513590892830172
0.47348912569903023
0.21397416827813454
0.10265212828781844
3.293318668048939e-3
9.418907403447208e-2
0.2869416996735109
5.584024583743974e-2
0.2712508747170107
0.3203026993238848
0.861056695824851
0.7095861757724086
0.1795538643086526
0.23335006193496077
0.9055513679896866
0.8112896076013006
0.11993589147713368
3.182728119022549e-2
0.6855092878180039
0.5960264356146064
0.8574893369985849
0.9081890095154873
0.5451167428887033
0.7441053155866834
0.3104893974601447
0.25086899899516524
0.8325717719538578
0.594989642703405
0.9017205305403232
0.38903062851531256
0.1909462761116053
9.561265393791263e-2
0.6481554081373816
0.917576558860555
0.811809691196535
0.1799162874300423
0.5192997647179037
0.3604885364086018
0.5132488939698553
0.2651437427677491
0.9797429188013534
0.7707100379070059
0.5372659579247224
0.7078681636083176
0.6629851809761659
0.9063104841210171
0.9809842814315831
2.1574147896426754e-2
3.073668418984299e-2
0.49656269340130377
0.9975752617112917
0.5825729545416086
0.617515250616394
0.96090232771195
0.6369419437016256
0.1915716242524118
0.9954061369176649
0.23404027629828816
0.9085329566503438
0.9918834144430412
0.1373647475626426
0.17986004027103364
0.8954022168533909
0.3112257471601928
0.2994260688719744
0.2462783923041748
0.6247227539919052
6.271301911517135e-2
0.12638499893425859
0.24321907333602255
0.3832213960125438
6.767193091446244e-3
0.11487017494346452
0.5815059113402902
0.3165226560684119
0.36220298399677386
0.7636345046399388
1.3194886645729986e-2
0.8918581082228011
0.841386493852306
0.5046783332218133
0.7590534498107576
0.6925144971777967
0.9055255027012147
0.2713704423598188
0.9432395668851618
0.5047247013079267
0.6789822516484366
0.922683116846316
0.8575838260850642
0.14412644785484596
0.30912310117366604
0.270675751920744
0.771548259031012
0.3458048957965073
0.5556349336101022
6.187950131491038e-2
8.816655450749089e-2
0.3027732263876154
6.435185218311024e-2
0.11733974631914512
5.178338995020482e-2
0.5660767063137567
2.774004386146578e-2
0.4277038569692707
0.1565156510399931
0.8578215168559536
0.76707793200502
0.2235080495719476
0.8159292131719852
0.19973546489406246
0.27820204197216614
4.6500873218279115e-2
0.441668472381504
9.225672742317459e-2
0.2879481997527794
0.19409897924488206
0.5382571412707714
0.6298967643724113
0.8424952074901836
0.9093851318346146
1.4949359709898524e-2
0.7308461617120602
0.9852078195571251
0.12276578768806534
0.9165134115754939
2.4598676070345493e-2
0.37472657156883005
0.7542188764441343
0.2763782810925507
0.27911077534220763
0.34537112972854056
8.44814895067606e-2
0.1890327279958205
0.4210666452677593
0.5031542933271113
0.2767856223622661
0.5890563652440876
0.22519481972604238
0.8174261412865907
0.21949309832004527
0.6547611066257973
0.9686909407688981
0.6683213313031925
1.0424382059381121e-2
0.8795622473486394
0.825291138940898
0.846454771028535
0.2945299065088339
0.7351319815014333
0.3984994569685191
0.1198547672004876
0.7983096955357977
0.41287367505493766
0.33981268355044125
0.2777607910359433
0.43410839087900965
0.7239108405316149
0.7714299486403139
0.23320699904742004
0.8534420987194876
0.4602620395447702
0.663385088052059
0.9008331590158597
0.2067574962264046
0.5593448707431691
5.621267761662929e-2
0.2674570534501389
0.35127938349972576
0.2803035298514057
0.31479522770391266
0.7760185010339494
0.25717896073058244
6.24542068891526e-2
0.8120867242237836
0.9198151366948369
0.39094676239761317
0.6748404558411846
8.713691547995672e-2
0.8488781044836685
0.40297310599392067
3.028472422787043e-2
0.5818238148364737
0.8238458764157283
0.293442970856275
0.422786011687846
0.6288640253964636
0.5738048785677955
0.3215202133092038
0.2709080104485543
0.37723287127917426
0.7403291297929379
0.9249866276843318
0.9281465253856248
0.40497880594325475
0.7033226084050163
0.24861428628652493
0.28670802840632603
0.12121900118643836
0.8508586209037617
0.5414091303039338
8.058503875218836e-2
0.1772210222674263
5.759360457907914e-2
0.27817608224691603
0.20632157938570972
0.2923125778679244
0.7666294032635111
2.220334333147067e-2
0.42165433249045237
0.4478873873793431
3.68365384239534e-2
0.877427507783935
0.435118788146054
0.6313620026542367
0.1133871954163247
0.6376244555475011
scriptMetrop.hs: [extractTree] impossible
0.8579504983287548
0.4109356702284118
0.503786471607295
0.15152409679145873
0.5722166300735728
0.6166341135293413
0.34093108464741617
0.5176092213526596
0.3241454691489657
0.29186890753852157
0.5136387917048123
0.5299652823188382
0.8349305734470175
0.6758906718220742
0.5416385004885403
0.3963684246389966
3.3151136178145246e-2
0.41028689959438924
9.024078517384992e-2
0.15123115188425917
0.7256827497224704
0.9635054395226902
8.708539220871192e-2
scriptMetrop.hs: [extractTree] impossible
0.10260611888497595
0.8108270062126878
0.43152922509699343
0.35291009295698006
0.5548176246863973
0.6520876991310164
3.6680623356706854e-2
0.5077335120928043
0.9485643891498795
0.8443848397137327
0.4197157553129628
0.6702988414752192
0.735159218213281
6.77525165135574e-2
0.7370955818979442
0.44346101535556415
0.35389950642911694
0.11205604670843916
0.4061440730827651
0.8478350572669978
0.6193023283441802
0.3262523230026292
0.6388825946982574
0.13628951405051126
0.10486705021161902
0.864165051597055
0.6903378840157745
0.7492194368125796
0.3680085372279299
0.7909761222372683
0.5870942376578091
0.883909787617689
0.7659099812546682
0.18906144928968838
0.8076019233121504
0.6354868771477097
0.37866022761594575
0.5719281163884334
0.6502776138042533
0.37881496384300417
0.4303335658775832
0.12405096757195178
0.47551899372976136
0.6023061425791377
0.41409103757296084
0.2168688205149215
0.3132632070425553
0.5574675289941752
0.18996818197506948
0.18991026460614646
0.5369887917102104
0.7563967334765166
0.6059270090258831
0.30760791959605427
0.5244051049487065
0.9596005055513873
0.17501423108438263
0.6218795734933636
0.23568930351516537
0.558675401322435
6.253791580575652e-2
0.5900400368926094
0.45793853426312603
0.30534896013279356
1.5623911851298078e-2
0.4730051313298397
0.7572725904536469
0.9330600898501263
0.21227124166420108
0.2846791328599524
0.6050868021270049
0.9951342436411074
0.34300143028736396
0.11089732506010652
0.8039485250452646
0.6382493866313469
0.5169561597568494
9.78547725498291e-3
0.968768026689966
6.870104910421293e-2
0.668769269731811
0.6352521998099679
7.66027169594653e-2
0.46398142932172226
0.7209935669659525
0.15750038408901312
0.5890265639286093
0.9505134053388343
0.2084570130961122
0.16922951673823727
0.9490324048193445
0.5638110033459026
scriptMetrop.hs: [extractTree] impossible
0.4192349088643835
3.925583537618038e-2
0.16561492966105595
8.48177299112528e-2
6.254163593037865e-2
0.9992028196836303
0.6270881992049949
0.9709042537315656
0.4189593872075529
0.7599316948479532
0.5692934871879288
0.29589451887190943
0.7906897621696557
0.45962571400765395
0.9586846105536223
0.6480990646983303
0.7735094061556628
0.10736524476006026
0.18054792994012037
0.932893310535552
0.24861069826012894
0.7000500855047703
0.28797748655507627
0.36992429313963016
0.21511805222086922
0.2818590532537887
0.39830990108208486
0.6164447336438906
0.15885375340983987
0.5526574670273451
0.11025307870469081
0.4305159376704043
0.4579955295327657
0.12101497423471075
0.33566113387003826
1.7053422270423613e-2
0.6011903833695119
0.36324781386354654
1.1600672322311545e-2
0.5268409843023626
0.8604122562794333
0.7531812063882547
0.2251814454829203
1.8056365818482134e-2
0.6193700438311783
0.5922281439605096
5.1327859516618335e-2
0.4720340462070002
0.15280044401333115
0.13570862587294907
0.6735302564629669
0.3799982815901187
0.8984238180425589
0.49797477819359937
0.648510018605892
0.9199026032822585
0.6557765796135783
0.6830706598270119
0.49231179810794135
0.4919058258229062
1.669174747423774e-2
0.49515814220837073
0.48355214713600414
0.3690068395686156
0.3642958950871179
0.9422514957017366
0.22393554699333673
0.35550794640919114
0.8633673591449472
0.1324423299452303
0.7797982258227919
0.870926008048117
6.2186867167466464e-2
0.680004424980272
0.9459172075342831
0.6338296823538302
0.6114881289505495
0.22126858988616338
0.8828067097613056
0.30957601991591244
0.7729625861352624
0.6803862228665593
0.5532811242657362
0.22318716910130998
0.6350092842229499
0.491123701646598
0.32764761829897304
0.5001270344838021
0.23341854414986696
5.233736768770403e-2
0.32397763176100536
0.8605703475541863
6.1626021553966015e-2
4.925574067637972e-2
0.2694340268563774
0.563142377121398
0.2949166600530021
0.26893040603695406
0.10065653772617755
0.9237638458725473
0.7255112603077226
2.725682292452214e-2
0.4023530856579377
0.10060284206897274
0.46901334358234725
0.37590401972620546
0.6548469875227919
0.7688084975822441
0.8180565290573055
0.5177462435219077
0.27391542948215075
5.123721458273223e-3
0.9294791082219956
0.5031081369216283
0.7191493639632623
scriptMetrop.hs: [extractTree] impossible
3.0013303191214535e-2
0.10170215789630344
0.4035948311446321
0.8280761184920572
0.9499733010005859
3.289144414613798e-2
0.9664259306432602
0.2551414729811413
0.33587841366588245
0.5660518644232747
0.9308070955325413
0.912653926084419
0.913551629240959
4.644858988072176e-2
0.8367888162708749
0.7475493729592843
0.7885342809178698
0.6565521352189784
0.22371872216510014
0.9269288498161979
0.7782798710266211
0.16373041753455586
0.6096783229800616
0.9650457305017018
0.9179749901105402
0.4170406892191044
0.18397004870342004
0.2297927943350474
0.6636699550770006
0.585329747585306
0.495282229906029
2.4045392817113043e-2
0.2127571157871152
0.651489061360203
0.3541809173157914
0.5207999104923143
0.7582098409050692
0.20061228833140377
0.21906636650908184
0.1768161851941067
0.11340622886160034
0.7406092690381713
0.30876443705517687
0.19811508823062673
0.92874348033023
0.9162797266694592
0.48571372579001026
0.2291721908259362
0.9029144330375146
8.360142614356969e-2
4.611431893286111e-2
0.5021750461212721
0.15930730310951458
0.8098927942712005
0.2393101505346632
0.21143418260933455
0.643564543781347
0.19500818595501757
0.16128904864593718
0.503690748511857
4.193298262306222e-2
0.20469792909880213
0.2646342067527826
0.9716177132373617
6.608946969778906e-2
0.772313149433835
1.779893466692939e-3
0.6505641623613873
3.891606385897528e-2
0.9846351778873187
0.22943132194174598
0.6890554228776272
0.30618848231402007
0.77290454026827
0.3734754902115266
3.382063542431868e-3
0.8598340037610853
scriptMetrop.hs: [extractTree] impossible
0.2983843805052656
7.95827636923615e-2
0.9596115926226897
0.5339167632651062
0.1596946512825962
0.4004334842693452
0.11707350337616396
0.6122923376294308
0.707151156246611
0.16662926732921302
4.7959422047644584e-2
5.735032522779082e-2
0.8570331755221708
0.9650667115738986
5.177374848723859e-2
0.10353843902425741
6.590102203107817e-2
0.7154412129742495
0.7518667569864869
0.7126702463282669
0.9523434499735165
0.5530553126279311
0.8363532078695443
0.5002035851987282
2.6139228596780972e-3
8.935676961790617e-2
8.065756815250469e-2
0.9676770989525193
0.6293956743394123
0.6450315796554394
0.8093343525056574
0.603981418977431
0.9239103927812072
0.6941699870252814
0.6417268546789469
1.8837890634374466e-3
7.968667722815403e-2
0.8903552812442627
0.9028492328591028
0.11221561162730109
9.790237784778066e-2
0.776777303261808
0.28176086169063763
0.5271023098736006
0.6920483328410129
0.9212326689860467
0.2068924330204024
0.8233198698387677
0.277285799403708
0.33088951732302363
0.7358806737300795
0.3888652385237824
0.16570671951262816
0.23093667760482373
0.5897633883888692
0.9524731129977243
0.372285612127352
0.343975595213902
0.8017488446035325
0.6079501198386789
0.4360550676712186
0.16503964269384352
0.7919391735306743
0.10230119522522607
6.833253625908842e-2
0.4552160743183725
3.283730678133756e-2
0.560837745323537
0.21495277453286532
0.40577041695972527
0.3145418965060446
0.7060547194389953
0.6130660021960023
0.16124800528957628
0.25854726013135865
8.182248143479087e-2
0.24262653943617363
0.5446893353097692
0.5723509665240994
0.8190124415442305
2.712706000954912e-2
0.47743213270518725
0.2938546772263849
0.732698128038659
0.5457623978993692
0.736552411003024
0.10755573093506376
0.9256336528971755
0.9760716310501826
0.9581136631811361
0.6000172994302319
0.3363908371406007
0.17759471693095186
0.6712403543585285
0.768519418218289
0.8927434999256684
0.6024964619427838
0.47870751268578304
0.9860972799318116
0.6798834021636323
0.4026763435696409
0.40975421150341973
0.6271264013160193
0.4044530698032466
4.062956781661431e-2
0.9806595387406251
0.5272795628300923
0.7185831527319394
0.9438417039974122
0.15776945229433748
0.7658618137511203
0.7347586559844247
0.9810839022958332
0.6759003379091465
2.2763920336643984e-2
0.43123616678562005
0.696921799791942
8.178910020843866e-2
0.24754741997624963
0.37912044860043503
0.9077390619791187
0.3616499295834824
0.8284285259090794
0.19397636762831538
0.5974209061186634
0.32470910590478563
0.1546388815008949
0.2739168914118343
0.8646645751089145
0.17954003200500301
0.13982629999345708
0.9692793075659075
0.9006007131432082
0.2695692906401522
0.7586573620359031
0.7054154759715142
0.10996908929964333
0.8799896801253625
0.8122317914965155
0.15278504239797186
0.17796757061513324
0.7700875565919673
0.9315090163558694
0.9421854377976896
0.880234971796869
0.9425580700411079
0.5434740585988246
0.906540863218453
0.9975903488226848
0.6254740953714285
0.32506738862401663
0.8755114558442333
0.8028149778845036
0.17278562377322781
0.18580953372778952
0.354723098874817
0.10997393347221263
0.15981161197504223
0.795376826896773
0.22953017571973866
0.2505847001688789
0.8332821801475973
0.2698676793076721
7.322922615812477e-2
9.765488081566631e-3
0.5572994548894509
0.9228697980405537
0.5831445373254643
0.981489248795813
0.261653672578401
0.2996769234168367
5.960900724725993e-3
0.7088507747792675
0.6913910235848896
0.505473107042158
0.7384848409168049
0.6093957636437516
0.4593360868160784
0.6570864073254378
0.5857388419096005
0.7599486866473891
0.6602515281052265
0.606553041802448
0.34976371640591675
5.656886656669402e-2
0.600568666510018
0.33398722495210087
0.7754724393002265
0.18085980283266678
0.8650075039323021
0.7719036414406552
0.39520439678740604
4.264599154705506e-2
0.3443659374366753
0.28265923378842894
0.31961257454139325
0.9257481039302159
0.30715369692885897
0.6649291004220635
0.990055883790487
0.8800085663205602
0.7922016258792114
0.9223571022025755
0.8672013837482292
0.4265416978662019
0.614446800626168
0.7009255693337312
0.7563037783979981
0.28231757438354477
0.6253505743988003
0.6455716223190074
0.5259815678848024
0.1427908262024299
0.7226811570464294
0.6739996964883833
0.17994958292332341
0.47445430972918723
0.9377253985144051
0.36285621576309224
0.8607493592562919
0.3630634382231207
0.7273024927915385
0.44856149397240597
0.16023701622378483
0.9148659829991367
0.7122175481260568
0.8593425459631644
0.47952116789824706
0.9380559969912147
0.581784154559151
0.9758374034616674
0.4694668662266833
0.7420358863855833
0.19026752207059372
0.6323885501968126
0.5161900559725455
0.588492730940061
1.2445662144344172e-2
2.9155360752607495e-2
0.918841203865625
0.7503459047975215
0.7647540061101398
0.4115519380247784
0.8070600374773832
7.137086893926858e-2
0.9850785406022909
0.22771710823338587
0.9237051328372964
0.15467703038250924
0.6617215388920684
9.317242767336065e-2
0.1060833136097622
0.673804594559026
0.5097312505326045
0.7511463257746583
0.6382470953651714
0.9728009624217465
0.4060954734507173
0.9378020291895536
0.612031344912234
0.20078869242313757
8.063924062575956e-2
0.17909805173462756
0.2672938967295547
0.8233256965801222
0.8871867855110372
0.18733035064963965
0.2317358066668126
0.3996040763548062
0.9408627959000674
0.20128354744121213
0.80847704242001
0.24827568188111504
0.14538176274142722
0.39417891014632656
0.3583079960773653
0.10115365710159507
0.3681605958182391
0.3174817408688898
0.9669846730594783
0.3193514635377269
0.9343751577644733
0.9934554997025783
0.20225183418199932
0.746403706521411
2.5844747882862396e-2
0.18063365418223676
0.5474332885341836
0.453901940531905
0.4634626925771729
0.9076841890777262
0.3692874895110735
0.6392715479995185
0.5850929644379651
0.7903703343361205
0.4985979789156806
0.283923046329173
0.1316607984977548
0.4740776251761599
0.239498316114919
0.42154185501032815
0.8392577527934691
0.6074104753262336
0.29312629610581153
0.6196266578761008
0.6360054538999559
0.2853890884668141
0.16697119734271626
0.7794349779015447
0.6704721253738611
0.7564041524807855
0.4459476799811718
0.534433215005561
0.23449458646939825
0.3910764028755299
0.8184343697944226
0.6934624053631423
0.5020548227861271
0.2344585114286709
0.5620741624290596
0.2425236608355662
0.6401926798242162
0.28724615926665764
0.6935367959454365
0.42043379307293616
0.8921010349594652
0.4163585536729465
0.3859338024861151
0.35299909656654205
0.34857319635866346
0.8579013874458049
0.37443042787261416
0.8060189723202261
0.5638691672831918
0.3835755864616027
0.4602255992931207
0.6778606225149034
0.25728085181533633
0.9405447170598665
0.1085631818045657
0.3967042203576666
8.068928476454162e-2
scriptMetrop.hs: [extractTree] impossible
2.2632168599989733e-5
4.413512955456811e-2
0.17265422789299556
0.42599921326252443
0.6455499749187951
0.4288548224817078
0.44250790928073036
0.5116101177388893
0.5823659027372704
0.6588784365206527
0.3439617944407961
0.5293540047298947
0.415516013942019
0.5772725325901099
0.7017339400694477
0.15459400751630936
0.13229307246575173
0.18966574426834126
0.1500812546916631
0.8836544628157569
0.809030332709476
0.7452543489515252
0.18462444812086554
0.8119282428113438
0.8443968254380924
0.7158162990364098
0.6008268139264429
0.8588076924177349
0.8505521360496241
0.7648442435349766
0.8726577673184096
0.9652014272044068
0.27479483450421605
0.776008268972952
0.8634362696087946
0.9713439409799446
0.3809810577420475
0.2861595034604637
0.9709709230027131
0.7444188088347873
0.38915231400898465
0.8300788645716172
0.31460384210116066
4.6900670774761344e-2
0.812922654365828
0.21874867052652525
0.48460512992631355
0.6688525347746891
0.6307098429984009
0.5212775274745395
0.9489673592751117
0.3135937851213132
0.787174269849854
0.19790881348449163
0.13558135275672634
3.3502273158654394e-2
0.6088277615703505
0.4709948920403749
0.32697159985645763
0.1070577669979268
0.4796670063666463
0.597539321566731
4.5517848917551285e-2
0.6722576218913562
0.270576252207105
0.5598916384919362
0.3381416097741229
0.25221847024204813
0.733056686390335
0.3013287828628407
0.7373141543670528
0.5062888554884232
0.5750050105151913
0.9500540253907791
1.3182032170796165e-2
0.8717540355381371
0.5363243077255245
0.5554831953024327
0.4683151935994422
0.9409272211960807
0.1650056079411365
0.9767944109409746
0.6253172737162142
0.1800843599087404
0.31261099946049586
scriptMetrop.hs: [extractTree] impossible
0.34000035842222254
0.5555283619811128
0.9717368340258293
0.8775251600341366
0.4725192621604065
0.7929540469057944
0.28596823509870795
5.7624632999091374e-2
scriptMetrop.hs: [extractTree] impossible
0.503609692656159
0.3346412594548679
0.2513090324355999
0.6844458698360648
0.8998506076374425
0.5413220659968291
0.8722608780063273
0.1611030816443556
0.9854228450147352
0.4607010565269901
0.503799025728724
0.45418684309676516
0.22741043216196777
0.2178833379741757
scriptMetrop.hs: [extractTree] impossible
0.5868287992967814
7.460663454010652e-2
0.5218265016720626
0.15478634702555694
0.13751693847218915
0.3873965291463405
0.4017166721717008
9.244522736997396e-2
0.35200778924574194
0.5117497456448105
0.8573902135560155
0.8106453043900635
0.9798061056714572
0.22960354971784602
0.5467828976561026
0.38906250143648
0.7588395560704205
5.106366563139442e-2
0.5873683033043199
0.12352558519638868
0.5838991707243556
0.9310058387118386
0.9224768824000983
scriptMetrop.hs: [extractTree] impossible
0.6143157925529984
0.3167646269927936
0.8499356414667626
0.6144516080535006
8.407287983259126e-2
0.18875932954231123
0.20069380589167063
0.11138567683479883
0.5552893837636385
1.6907388351367625e-2
2.760873600833602e-2
0.1899732466741203
0.5228323554271351
0.572906421768273
0.9303112142004167
3.656709289855409e-2
0.7671382163890511
0.9605128461400442
scriptMetrop.hs: [extractTree] impossible
0.8876011608783273
0.8707908536931565
0.19975957697037294
0.5834509786573464
0.47301846554776417
0.28480517405854366
0.13089351502944113
0.5400818623804179
0.242342286977819
0.7165468733801069
0.10025791414765528
0.5846153041371732
0.9223021147440097
3.639121048270899e-2
0.9021211603043923
0.35658060224944743
0.6718895845274723
0.48284761818802335
0.4884664946962115
0.8441732626766453
0.8484573276164405
0.2392281144198386
0.47358819151337517
0.7268604697841267
0.9636963162079858
0.26377740195049026
0.6149792956747514
0.4104204813132114
0.42401931876682764
0.5710509239263469
0.3924610737308406
0.9679226844040686
5.990317130618783e-2
0.8932957199693562
0.6595293054439099
0.2441978000646795
0.7008328779286476
4.091073516772181e-3
0.9140363737275526
0.14646621334481746
0.26534450075562643
0.3397134071874587
0.3204728672041707
0.3256584039011631
0.9596197309506659
0.39938418631294115
0.15031830232065613
0.7433484254081678
0.5979660979353404
0.3176131503619545
0.35699733474184636
0.4405370585500462
0.4759488471310488
0.25257384891664947
0.6535396155015344
0.37849664166086583
0.7055355599582552
0.9315767720060889
0.8831021801086801
0.17825357567645683
0.7444107459080757
0.3788718038529181
0.722430767449343
0.732693641136892
scriptMetrop.hs: [extractTree] impossible
0.5506240391769704
0.22713927839985415
0.4651377942373355
0.31531418916121423
0.272913918942847
3.8614812124167064e-2
0.2882705110854692
0.9809975900620397
0.627922759548165
0.8199125812091522
0.7387586633595332
5.0957355670346316e-2
0.6977433340821299
0.12008238860813847
scriptMetrop.hs: [extractTree] impossible
scriptMetrop.hs: [extractTree] impossible
0.6639688959751896
0.8783689532124043
0.8890599516440157
0.11334469398082547
0.5814933357842821
7.520627740009223e-2
0.7646715093142494
0.874468032766632
0.6626279967490304
0.5301915992441409
0.735108509765645
0.4350610173771502
0.3796163166391825
0.7042787426800238
0.8315652869594558
0.18669437285773116
0.4479478785265002
0.6590720457680214
0.11281591998760943
4.9958086971976345e-2
0.2646201871922417
0.5339741788222246
0.6443425975172609
0.5477673418186687
5.879951325352761e-2
5.451893304577504e-2
0.8913240138580186
0.3051352837324198
0.3817114746496294
0.3633830685925684
0.7906533546154214
0.12022026800411412
0.9643032996848601
0.9461898035817194
0.920917904258563
0.7377013406142016
0.8756352078702795
0.9781512168789593
0.8555655682608584
0.29044700673112545
0.8787852152182457
0.6024833548693794
6.213113393264946e-2
0.6092600536147782
6.682100863256657e-2
9.096606410966135e-2
1.3399468278608162e-2
0.609030442630868
0.9135933474763499
0.2349109613957413
0.2362570278295194
0.8355869699288904
0.8726224888453985
0.21677804558865466
0.3589719002690267
0.4933555803698092
2.5747903090987623e-2
0.5123824657752755
0.850906293544499
1.401904346139815e-2
0.7504092814094249
0.29450625036096734
0.8757972856820323
0.11811471576248589
0.899997540714239
9.942454560870073e-2
0.34258474248637605
0.23157500764960937
0.9947341174407792
0.4066690603424129
0.738630426829678
3.407211300122592e-2
0.8382238869052686
0.8606160354286473
6.128182081137845e-2
0.76903182726975
0.916808344229115
0.6208199734061332
0.38111731279386707
0.7925853813894687
0.7577709410722003
0.5425323615961585
0.6221507664105591
0.24962676715332666
0.6730728528630728
0.8966332507032356
0.5714959144863133
0.8926838635039941
0.3342949684506936
0.8659080453022253
0.555827498635829
0.4931062907262783
0.4113619689549991
0.7696498558954153
5.626256691527398e-2
0.4498366841589404
0.5198562294183516
0.9690650020627986
0.8499090303396469
0.9695144425032597
0.9816078413459203
0.7995994206197755
0.785012149064768
0.4956624969225777
0.592537201751204
0.34409299186961795
0.8309090404935496
0.38068523663290776
0.33573064193108315
0.3742806470920662
0.6453863712954498
0.10933633594435144
0.4562668703760272
0.19376469234409843
0.450472975809744
0.28634382592309116
0.16682782771692428
2.889153291558688e-2
0.25639282462858615
0.3764536254205074
0.5649368391474835
0.13477410414490343
0.3809322580267128
0.4513070560843381
0.27828008440382146
0.1903834734456923
0.1217495168268855
0.5045124790156336
0.8523124291016902
0.9939855023479748
0.9946787783873342
0.7915612709079668
0.22558246913988567
7.38411259176327e-2
0.8108104191729716
0.6591618069537323
0.1277160495302333
0.13393191952890604
0.2169666878329276
0.9522240335123272
0.4777388364335414
0.23608352573924385
0.6172365294112098
0.5071535297399304
0.1852709793763473
0.7001876777835988
0.5561941698181744
0.34712848471772684
0.127386460191251
0.6346447184916081
0.1780544752945733
0.47638043385260753
0.5718072274578124
0.5085862053783411
scriptMetrop.hs: [extractTree] impossible
0.4286988166745592
4.897759728581985e-2
0.7613485531802812
0.9269689480267397
0.8944054225853398
0.4116234371763644
0.16348300034280083
0.24565826176809102
0.844225876830292
0.1725752008344058
0.7878817347910138
0.14599584070864602
0.7119801161329883
0.3307038358706037
0.443825779314137
0.4807312285385893
0.16140788721099086
0.5270003054308888
0.433147176555717
0.786942554685708
0.6566339834266827
0.7349428195702804
0.6338055524995393
0.21487598404733876
0.9214928954136722
0.19535869490686653
0.6998092326626656
8.617991006163905e-2
0.9563798508452309
0.20332958482427388
0.4051943797605738
0.5866963523038237
0.4834996870316318
0.6410110755184667
0.3606692987336423
4.713029298500648e-2
0.9899219515445413
0.9832949778651058
0.6238395508289686
9.639512718166798e-2
0.4277368691009499
0.6713468486119495
0.47504896396200647
0.49572796507158856
0.12327913593836659
0.21481890183887853
0.12637899848019207
0.26450314699556887
0.1462473845608777
0.5821700241305018
0.8626168206748847
0.5820285553204848
0.5994359613194872
0.6844977105096045
0.7349745832291364
0.9096947391863627
0.5376197815545719
0.5917558894541625
4.4854105573325365e-3
0.14723441364336598
0.20385248342007334
0.2932790697679407
0.42730847845450237
0.5241421040170554
0.5235825141255369
0.6975057745721337
0.5769286657500202
0.9651580488835835
0.8708533056662179
0.7331230048066847
0.15154848534709264
0.3422488685260766
0.7644508108596467
0.6894005733626091
0.8304245397491253
0.3669743753728082
0.5921943446980412
0.4991167272056106
0.9575971721964979
0.9682461829446644
0.8275067945224909
0.2465812797980852
0.438301057132947
0.4402264873462082
0.4472608879358563
0.8351604476262754
0.6278538906343715
0.5895382764707081
0.35226259052153297
0.6056441214415172
0.9454195607183934
0.21540598519935672
0.5322767840576569
0.7225851103916762
0.4463430663357485
0.15663371302282003
0.4801558733363688
0.6503918884453858
0.15443987480690213
0.553949854845419
0.4040553813492752
0.2417039301700944
0.44912588491603544
0.13577181298771468
0.1795147816706405
0.53825771813022
0.6003826175011452
9.266571157367232e-2
0.5215973049820032
0.2024390558646495
0.22346551747717724
0.4432768517811544
0.2426301900852309
0.7286379376687185
0.7960061166436286
5.722137698288121e-2
0.681928615642417
0.7903909731629274
9.118928654650837e-2
0.5579830577350128
4.461054607642778e-2
0.19024173743328332
0.8987348704319565
0.24551568380945887
0.22066396723696802
0.6971644349162337
2.0058691021175634e-2
0.45032318060714915
6.539325125876849e-3
0.5536184572526565
0.48015466649342387
0.7388767062260554
2.8869509143493288e-2
0.547400562559775
0.7835951256475239
0.9237822744712857
0.4361561915036728
0.17640285254394839
6.932302795825007e-2
0.8303743214322034
0.7682266902988645
0.8904757858781859
5.505146055257237e-2
0.7863455435137879
0.6778077472510439
0.5932733556940964
8.971255450131943e-2
0.901448583330594
6.5419105900825e-2
0.5715868455264438
0.32224679386256827
0.15811971198637054
0.560243225025158
0.46603705025012465
0.23338314338317467
0.8042037806403274
0.5622915928553535
scriptMetrop.hs: [extractTree] impossible
0.8913166508761515
0.5467135294512039
4.7193305269972785e-2
0.791827812535156
0.59863580210795
0.8921712397225842
0.9973705930933027
0.9219181939073687
0.6710965250667321
0.18328998022698129
0.48895306712744946
0.8311219047442789
0.4469356405632058
0.9288669118311669
0.7508986759635031
0.8306415225233911
3.003120032755613e-2
0.6578589558063167
0.440795126670687
0.46493923122041314
0.36836371899751674
0.41494975177023263
0.5823937970192362
5.867394902294787e-2
0.7102166536718718
0.7935364962521504
0.19786874445652713
5.123609255749206e-2
0.3844198571192393
0.444792029907482
5.7555040170645166e-2
0.31849019309501914
0.513468120013446
0.7098437754200019
0.6745941887371446
0.9698416926352501
scriptMetrop.hs: [extractTree] impossible
0.4456545138611995
7.914752705425776e-2
0.6275098841462808
0.5744444760870185
0.7162864457418096
0.7109109242596655
0.6615767625637242
0.5147560155649783
0.7086380537131066
0.7799483754120738
0.8650804574460079
0.9751877447895162
0.5631385588742787
0.41929823520098075
0.5471751674657025
0.3169111885436898
0.3537740185384223
0.4027937939607421
0.7627334435396148
0.5011513707063587
0.5044128148093853
0.911638586448802
0.1926668389600269
0.31970527188255937
7.206076659112648e-2
0.9604366031999788
0.21278095059968682
0.4711780287454369
0.6335292494083778
0.5517245509220997
0.5773313408511419
1.7139898951921473e-2
0.5673405055494648
0.10123981359270273
0.14564739770042368
0.27319011668349746
0.8628186482639643
0.14637588808269741
0.41908009789183065
0.40447906768192265
0.1043611198574107
0.2537273754670145
0.7282486213013465
0.14208753993339818
0.6946149471741551
0.20688570176463117
0.4144618358379023
0.5423174789197681
0.18342244850466238
0.7198690150119901
0.10652993546765355
0.7155896052699947
0.7404390137923261
4.5663044980852496e-2
0.16578954369310528
0.20687169140110717
0.9130770248949277
0.8920447711163345
0.6646030232991461
0.6984717254651719
0.8607130266567783
0.4465754152715654
0.5471644656172875
0.9762410793313864
3.2220484291441864e-2
0.2469063864478801
0.974906796530845
0.2760759251521502
0.7668707812034846
0.7283133875779709
0.5032167429663849
0.9910056102154318
0.5657790418353011
0.10619956206076264
0.9050820514953825
0.29697499864262633
0.2871903799133245
0.2301326237633866
0.17540281375270983
0.8045702163250207
0.9171288165238015
0.1484947569479419
0.3334137432050982
0.7535908896622766
0.652820226172062
0.9693929054072111
0.7081218332533391
0.820616361063642
0.37899676441874874
0.33569744981547756
0.8916183000358128
0.6648415851457913
0.9816287908296576
0.19654503667115153
0.8703422789622971
0.1532515527949171
0.6922418650204075
0.7773480365880691
0.9038196121185725
0.9309944692244249
0.7698384696150701
0.903047655748899
0.6761773766878701
0.6588449593661946
0.8577509354324279
0.1481154847969458
0.5920874667903625
0.17973290575323186
0.14583930048231564
0.10377568840980944
0.4019116006590203
0.6895310358765251
0.17564215351779955
0.9675769449986883
0.2841292386392543
0.7967576387808458
0.2635380414357028
0.4429160050407893
0.9687140751130078
9.773846474296799e-3
0.9655366226970409
0.8547076694719539
0.20524472444829367
0.5320938947244315
0.25192641472437527
0.966026763859127
0.8247085282100034
0.669163185478649
0.2247007912965292
0.9138748898414991
0.9032834237795221
0.6330119073095039
0.8947735540184268
0.39932705782106515
0.3414051699567783
0.7725751818337049
0.5994173606074981
0.3062866262042957
0.3047119931138801
0.5673090344039867
0.32683643062427603
0.20335721092379433
0.5751421699039357
0.9622712989277283
0.6528088092021579
0.10914928410403879
scriptMetrop.hs: [extractTree] impossible
0.15652271742363444
0.6979634694521134
0.4460310720669637
5.144248334723922e-2
0.6910273016545742
0.893979940040953
0.3696627854980258
0.42182447864274353
0.8251062098563356
0.6938104099479575
0.7476102755619306
0.9011406184401524
0.4277790057005547
0.6961734254421929
5.502545604466025e-2
0.7696144824186971
0.13166792429912155
0.3670070124423289
0.23791616304133856
0.4762375646742508
0.1240738049272131
0.9578370973632632
0.4960734154965166
0.3791222249590115
0.3033523912281392
0.5373958176784471
0.812652257932759
0.340808578957169
0.34959945232404366
0.6027648200293404
0.16397631874541763
0.6744864866938128
0.9007115317095508
0.7054326018782665
0.9576169826885567
1.849002292310742e-2
0.2008612415571408
0.1491465917009155
0.7109080373167084
0.8377032546219575
0.713333735991922
0.5853491786293733
3.8302484312522256e-2
0.17845302185748568
0.5810875755815726
4.357164968590965e-2
0.6038083179335553
0.5038192837370342
0.9451507658112633
0.5086778475350154
0.5688563951960527
0.3189037979439363
0.6947898516470205
8.213605324070772e-2
0.7737964566612848
0.7047762102313587
0.3476976417061629
0.3923651264611293
0.17780704403623526
0.3587525651655695
0.5444525835575976
0.21033002595446415
0.6225058771971211
0.15261012922435058
0.8523634135714061
0.16504913315946845
0.14019018288460183
0.6309465649646068
0.8192102130434368
0.6890711501272283
0.8147737232146105
0.3874261893464178
8.383769477017056e-2
0.6545870020131191
0.2710948945963828
0.37878982857588983
0.45485483422036876
0.883341983420813
0.9603626579862189
0.8864836275229769
0.7112913667593156
0.1263417935971668
0.1809591514236789
0.9065253055836285
0.8356711034987244
0.22094168570967054
0.12450971005434541
0.6674356670168305
0.8387574226975162
1.7990323609442194e-2
9.69576516509163e-3
0.4817966737216023
0.8053656402153403
0.6665643524673016
0.2037353761955164
0.4115171801261951
0.14550217937591603
0.18015812070823956
0.9932960256324833
0.1765151348239392
0.9913607215406642
2.488898780511517e-2
0.7168002260921317
0.5821588277223667
0.2973810444246826
0.22865758887000165
0.19607650529246323
0.32551205123966354
0.7231923803556087
0.8340711670899822
0.5137140046090717
7.9914215355818e-2
3.38812022591205e-2
0.22597606963225247
0.3538339687875013
0.45980640792802807
0.821033131860884
0.8215455526552119
0.7060810211641487
0.392458387490647
0.5496923358222837
0.7059069327758941
2.0536884027630875e-2
0.5447318097566071
5.3707952143060456e-2
0.9753084610283557
0.930958954561001
0.7411633865697137
0.9465494536944153
0.11733960853117498
0.7810184546876243
0.8771874934973921
0.35519237766400236
0.7223996252850226
0.12607314395621227
0.2570628425170137
0.8195417273404692
0.9754899318764182
0.6985724730764774
0.5072537863667176
0.22752119666991721
0.2804758529211301
0.9493206131738993
0.9754045815235292
4.838474638193302e-2
0.43647959652172663
0.3284676470993345
0.7043585125701025
0.18330933300249785
0.4384583033323054
0.5428693536898451
0.40339288307809296
0.9379417089581324
2.4506647193454856e-2
0.634794753564318
0.997197775843064
0.7488573313547372
0.5921380605023056
0.5656224136338487
0.43513799312753376
0.8589392200550922
scriptMetrop.hs: [extractTree] impossible
0.2643278443179148
0.9972074885590917
0.7304731376302119
0.11102531358092771
0.945885143414167
0.24600744750509695
0.9255767205438502
0.47448502825169114
0.8898353916108669
0.153765927845536
0.7949259315705645
0.2852077415001003
0.5549934310090788
0.5891492869767435
0.33140754224502034
0.35844804182587586
0.750237147440986
0.9352253967037124
0.8563924789133764
0.3462630088068851
0.4448036966351233
0.29350456817935233
0.22262365553780084
0.8655588517727512
6.838144532281298e-2
0.2480622439352903
0.10368522891687271
0.5888031443602199
9.659049460485203e-2
0.3380688504474688
0.21725558559631508
0.1705403940785425
0.6053657277915395
0.7261421591716223
0.5816390297727762
0.8604595416084239
5.9153785445145934e-2
0.10835976116844714
1.5964127688387064e-3
0.7145823202892104
0.682463964354462
0.25536506378727075
0.9447412915589269
0.973808679687384
0.29482610740721304
0.14130726279947614
5.836019908370793e-3
0.927297126474662
0.637362022127156
4.025010588980116e-2
7.834621449199963e-2
0.8013934368979131
0.5248171563400176
scriptMetrop.hs: [extractTree] impossible
3.519006814598835e-2
0.6281222209788561
0.554362613092995
0.21583331069175016
0.5109367072976613
0.9627248587335319
8.630568948085326e-2
0.16878783373227624
0.7157358229343623
0.7219852960105909
0.8622348852148355
0.9262340069566243
0.5273834041754443
0.29117757409290246
0.9080350054968843
scriptMetrop.hs: [extractTree] impossible
0.68522367599028
0.7416893231447302
0.9313933184352351
0.18880034904107823
0.9842168124344831
0.1705216026964932
0.4625858516106264
0.6918515954451402
0.3621002662702667
0.8782074660086424
0.5258691639816412
0.6253877217884017
0.2584628138159807
0.23113128641101677
0.4093842871605974
0.3669729263435185
0.3826888490390935
0.2504051699504629
0.6936821340314826
0.9766400467717072
0.10964841689065896
7.774707380278667e-2
0.5264881860320837
0.78842651308502
0.19659321036872546
scriptMetrop.hs: [extractTree] impossible
0.41021512383408243
4.413826748435545e-2
0.8315175229772239
0.18327543872984176
0.9892733659217038
0.8488895051387445
0.7900512182909519
0.6636629632214414
0.4625224870029395
0.9321433958666158
0.4543465285991032
0.8971274480611796
0.47765000529726354
0.18230825225364844
0.14415868216942307
0.7991006175437577
0.9963761908725467
0.43129676830282737
0.496662784814229
8.252150939513758e-2
0.9171152471423255
0.34023513918299286
0.7079918374746857
0.35726080470998756
0.520778208562993
0.9015030497966526
0.4366938510552051
0.258296188776287
7.248337205028565e-2
0.6627353388080098
0.9078565839813647
0.6272941452246702
0.18048621180094748
0.5993190247452594
8.903874347709573e-2
0.8337802672811466
0.4661645379198859
0.2512675105678589
0.8825759487195849
0.8140695534469456
0.982771199500906
0.922432633774381
0.33365385357046173
0.20202520911826338
0.8409216832564778
0.855010180602673
0.612850802499122
0.24780727879914222
0.6716255490231086
0.9858366755736824
0.8111661856495355
0.25238915043701315
0.7597329015401576
0.4855898782750855
0.3594634252128738
0.19453626213049746
0.400043409133115
0.8118959608333317
0.6076633818061145
0.19973663042743428
0.5849280942865426
scriptMetrop.hs: [extractTree] impossible
0.8085009125325852
8.418234887621401e-2
7.816938653774164e-2
0.826850874475268
1.2031387353505285e-2
0.3374576325493296
0.42461157706827735
0.3779597325227696
0.4853863160233126
0.22642318687910123
0.9969551572402507
0.6365989497627372
0.3395975100089804
0.6314459451685103
0.8079271192087639
0.2871318107385049
0.8470718300525856
0.9362231179388981
0.6295121148876323
0.8164075334456052
0.46676061352431597
0.4424586570618333
0.5056860713412518
0.790044754601371
0.33401795270501766
6.885428201347932e-2
0.29902975220609196
0.9134245410534635
0.9769544022516988
0.11510619894544771
0.429749648461064
0.2590780391259252
0.49560904038035647
0.8340273255930298
0.15972750564363014
1.3070480034927945e-3
0.6971018663579337
0.6178248316715979
9.781660540996273e-3
0.3522205456394153
0.4263473349261496
0.5812681099343752
0.615153867756241
0.8570639156635836
0.8469932601992828
0.43067173051380514
0.7361355254992176
0.6083805532490759
0.3475156687184001
0.4728386142758042
0.7600091241550652
0.4202908242247755
0.24948765240485005
3.1221507510312718e-2
2.1002733205879642e-2
0.7644902052407122
0.24852334483512484
0.966360018556211
0.7945763459408525
0.8365088614285284
0.7935687258707419
0.7679727678720055
0.7707188615022161
0.40158850399316226
5.66811550410361e-2
0.7910856190101759
0.4696777606105863
0.5258724869183874
0.4478092406539097
0.5965119638472393
0.7139884342225779
0.7252300640548669
0.8084714291032237
0.3396255804132787
4.5958093781822806e-2
8.607072860130593e-2
0.10389647463754403
0.9242691765341121
0.8527555303564421
0.8144495264698685
0.34378507253269375
0.31518086345388074
0.13730653040949148
0.8529964433607048
0.40453978756598163
0.4894770904681979
0.9295879407875515
0.8839445527567565
0.7062844312887758
0.10453321031418639
0.8812219778493823
0.36166525816644735
0.21660345643057755
0.5097197817175357
0.8469793107507836
0.47764682500869593
0.22778616994602185
0.4073747267395763
0.42812579264120754
0.22069565399737245
0.4299174694500746
0.10698149263187984
0.6408950179947671
0.906435754529226
0.584230561463812
0.6497455901105548
0.5052653578388212
0.7504725957460657
0.6726065470353323
0.7129176825140485
0.5409207638276302
0.8586965027628698
0.665495368035851
0.16513807169900707
0.41152664592441857
0.6810725448592815
0.7158073864251336
0.15030876447085617
0.20881617379984363
0.7668227151508101
0.4904056380128864
0.6893494771114735
2.705967463959713e-2
0.20665723731796015
0.8038426963534208
0.8535229916043866
0.6876745923912836
0.5141755488254228
0.8983584967320976
0.1583877089362874
0.49236617406701966
8.327945926564839e-2
0.6605811424540419
0.8132089743849152
1.3195383204442135e-2
0.2717549689426336
0.24474877693296848
0.2905341844805561
0.520556349798008
0.9201089742856151
0.6359822903476616
0.1800425881227795
0.5036189193869213
0.1879809026126279
0.802769342876496
0.941623474056723
0.2744151570771943
0.969165832113923
0.4675261784696464
0.46872818596799004
0.38074437506686387
0.27030791782335595
0.8285540822200718
8.041671380543425e-2
0.11514773804554246
0.7002841215665768
0.5477658809788691
0.5289377379315369
0.495037795372509
0.3378050368483051
0.7212289272567328
0.4960753741170315
0.8730979653537366
0.9984585186931302
0.184766953218248
0.7119746666566925
0.586139426583897
0.9023114096816275
0.9185734144735066
0.5538972491806934
0.6027959844758696
0.10350358268202131
0.16865708602322982
0.8733563788192656
0.7482868592784816
0.6844877895724216
0.6194362633451506
6.973595823539613e-2
0.40669553248644374
0.5502266471022258
0.752681650835017
0.6518677605739264
0.9416646655857356
0.39111173354568496
0.5235342241447322
0.44114983079939984
0.7884840806992853
0.6442993284690645
0.3267436529307056
0.8951298644622153
9.629890518732853e-2
0.21836353399110797
0.270904675959471
0.41592461938449443
0.8331811925729257
0.41183449678393924
0.7897272192995245
4.2983696393659954e-2
0.1190509719877918
0.14965323874040715
0.15389726863183772
0.9963242197685823
0.601859192035055
0.8389601014353237
0.8678354840348951
0.5718903267043788
0.9847113103632418
0.4133219588140987
9.723431290004247e-2
0.2738856127449617
0.25045081896803534
0.46352118171948675
0.8108191314639716
0.43151498536365474
0.6842976774194757
0.952918339169963
0.30205265154371796
3.879469606867991e-2
0.4410395721697883
8.292193353183464e-2
0.6102917571292922
0.7762484900965209
0.10563016134546277
0.5155514009135974
0.4586803876792279
0.8595633855429577
0.6888459752379922
0.2311370994160672
0.4685482602696621
0.2119984712950006
0.8634288930737236
0.5359030822506451
0.18848410600934373
7.459091810912644e-3
0.8229041211786677
0.34158133276998115
0.9760595774473187
0.4603649275961085
0.581876349097593
0.5778145887423208
0.4938728952708885
0.7987461512411144
0.5986325938086484
0.5935254908689752
0.7067818824095952
0.1541143861179185
0.9814349204739322
0.4198489527542485
0.37303704886843236
0.5405907393312704
0.6082781510029814
0.9824370297048658
0.15146785484064396
0.3570498174754392
0.7217153926628205
0.18409830930174353
0.8566405454733496
0.743931997156421
0.8695184102915793
0.9693444624067825
0.28487996393670134
0.8999411188608061
0.6991364280729261
0.7151853870857735
0.7686722528241491
0.9459307823410797
4.516034242436373e-2
0.8803588992045767
0.31073157093026016
0.9687456909569853
0.40384974469057944
0.8048355241264643
0.7338285722091088
0.16028152735652534
0.7841827460538259
0.320115937690692
0.5184145755219746
0.6793537362199352
0.8539118947440084
0.6230078382530998
0.4569700608285011
4.6245532297598424e-2
0.40677015287048557
0.5509580869535854
2.30387621164575e-2
0.5366329634073727
0.5380184463241081
0.7900039880892126
0.21437406634481293
0.1901880217374753
0.6943133363687878
0.7058573141422607
0.696919697032306
0.6231423185659667
0.6839664618318294
0.28152630834484216
3.767051656215503e-2
0.6974425522605653
0.754669390737804
0.9654331491489557
0.19881239570157427
0.8765439267263949
0.2691411959609583
0.6642315015690222
0.6812344635899453
0.20544652002346464
0.8349845270618986
0.3045776924415079
0.5714052383919791
0.7878023592282953
0.49938918410000654
0.8869320777179203
0.8876909525204401
0.5584126368393713
0.45221940808687233
0.20043469833291294
0.13897140132886354
0.9974878096011005
0.906155466559731
0.8067117814788037
0.96604347478265
0.8507063266160647
0.9838767222764943
0.6868065528365791
6.236456359623188e-2
0.7543257640284325
3.961591621057792e-2
0.4593103289897881
0.5107799795625133
0.7271513435171456
0.49581035076015556
0.4312887798897006
0.554569336093183
0.3466924205352301
0.8994831466884569
0.414646431237517
0.8682146484842982
0.6872813037441613
0.22076943971258045
8.51455053058815e-2
0.6047571210824517
0.17015721718025045
0.47174807102351346
0.8078794378563315
5.301339047723974e-2
0.4659773504742796
0.42625541666276645
0.4465733906911483
0.7815652579700262
9.208243798336835e-2
0.6966405779755943
0.17453541821688134
0.4378403482965284
0.7473362119380896
0.9466317731958452
0.3916095142931756
0.8677050685544593
0.995232019450711
0.4351843229416902
2.582631977654104e-2
0.5778722279254961
4.5903766587372385e-2
0.9592723507618776
0.9366672069440009
0.4071554982554618
0.4875295980197566
0.547077517296566
0.5347066186137722
0.9031953225517656
0.16604738386642592
0.1986966771035389
0.576457970490507
0.7863790518089028
0.8311770402138176
0.9962578461153796
8.143347457921446e-3
0.3571959796198182
0.5399255689799926
0.9878632774195105
0.98583978779292
0.6938481811104175
0.387873946737063
0.7399115428192576
0.25538232301017405
0.39595173600655686
0.9761391214526224
0.2859576516633683
0.32996798415785344
0.7548920137758349
0.906203871636262
0.32652377259801
0.5168271772180312
0.6518138871457825
0.13567106822242503
0.8817748341646713
0.41196196397142704
0.8573720198178157
0.9679343975441658
0.47939015870973434
0.8738085179176306
0.7980499573205614
0.5893406753633149
0.8449177103919648
0.9391504196736914
0.5308877852214274
0.5258093894484196
0.4603050309820581
scriptMetrop.hs: [extractTree] impossible
0.523481846445527
0.7474007937290982
0.7664276134301692
0.8422555497615153
3.656730367506611e-2
0.5808012518036944
0.5401293802249517
0.5666580173653327
0.4951825169949987
0.5834409427551429
0.44086657968998033
0.14212186446625863
0.8908351367575803
0.41575676729351396
0.2390333728237134
0.15252740941480447
0.12355120062565172
0.5989724144667922
0.7380256858614905
0.5477858774335743
0.8548326918584842
0.3935529664989038
0.5132757740285064
3.6860026343098484e-3
0.7192575114572025
0.758456595316023
0.658023133790835
0.9131018064589579
0.6520039901020275
0.11022523517340155
0.28180672280195684
0.24605207395616613
3.5352349711185505e-2
0.9472279023794256
0.6556234976412169
0.21188893258561514
0.8452847610315554
0.39992625194390585
0.4914046255468104
0.5834414776368727
0.9186229107191061
0.48714483127531094
0.5289454752694044
0.7305632979000595
0.839359010477564
1.6777288519321698e-2
0.3327040546003438
0.7716318699290329
0.6125418467790976
0.5141694035784311
0.2452372461670248
0.2798422807250468
0.2767552982177043
2.169847538013625e-2
0.2945552821779923
8.210746586932427e-2
0.12315363071092011
0.8469445522423352
2.093457076406502e-2
0.46678855694323984
0.24136607619396477
0.8740420663480885
0.3297018471658538
0.5960056646838695
0.6378895215234036
0.1560577074474062
0.12666745514849242
scriptMetrop.hs: [extractTree] impossible
0.8738935449635646
0.6843023628444421
0.7546237647093094
0.7495928649849076
0.2203986052995116
0.33191365613968504
0.8503569063016941
0.1590413274550565
0.8751081318207184
0.417348337922118
0.6822214202233391
0.5692798760737275
0.6746546764120606
0.9578405029993132
0.9855810566610063
0.6128174321559717
3.905269604095085e-2
3.3282884605346896e-2
0.41233506053895896
9.9516613140339e-2
0.38583841194317736
0.8956211972399392
0.5337701600378729
0.3414413772440793
0.3101318969400738
0.8609640931505399
0.7764172205782413
0.20994850076692761
0.3747760257409142
0.49950377088285547
0.4600228828504215
0.292002737423109
0.6056994848435772
0.6901815119431612
0.5258995815710729
0.2872792350465806
0.1992681533665045
0.4351241695984861
0.13046805553211527
0.23083433057972458
5.689076244846936e-4
0.9472578021551633
0.8275753641246079
0.8045638656064901
0.8685119633412121
0.6412889157902507
0.16778945666353107
0.7156280417607338
0.12996412020520431
0.16642233663429196
0.783293804554441
1.4869791923485143e-2
scriptMetrop.hs: [extractTree] impossible
0.32193439449942585
0.9250442707803822
4.546283459884404e-2
0.19577618388404783
0.6980785049423338
1.2657708975825188e-2
0.6474761486184214
0.7714609962954652
0.2827525936003342
0.1831761780288269
0.8331274563161052
0.6418883462627912
0.8117597783773628
0.11615126082266258
0.5821975765555062
0.9693117930819176
0.4498889692116387
0.9874531317301375
0.6627187491730714
0.3456579186379617
0.9156515381075171
0.6958861413049692
0.24113815327319632
1.8430186015608863e-3
0.8721687797093617
0.7968043338584222
0.7296022582677749
0.22866789699890588
0.9453534843615318
0.5699496537679384
7.983295779686006e-2
0.597064487078662
3.670359678394408e-2
0.86343760315459
0.18560013860428104
0.40950097915272876
0.5606807517625266
0.5709684691924825
0.6712232856670372
0.2861708601653211
0.7162140123768629
1.3653529807687859e-3
0.9516481572069139
0.5561319176141529
0.1803225244894514
4.821407314535986e-2
0.49106085624686313
0.21055504629759525
0.46300006471180677
0.2615572513926513
0.8699858613327888
0.18662452191035095
0.32050929192596633
0.2979554637000251
0.7031133906225834
0.5059921394755827
0.7831618369644767
2.0076487121443276e-2
0.26150044683988105
0.8620666120207169
0.9210886160596256
0.34089769714897644
2.63024353583019e-3
0.14036179017845563
0.6824900421485597
0.14742591819602258
0.7071526021208979
0.21250809104058133
0.8049907360275442
0.4728214437744763
0.7802525168832287
0.44172284759850633
0.38513264719284634
5.945293139710561e-2
0.6642358323590803
0.15191599584291027
0.469989010418142
0.14216882971847944
0.6910971920956664
0.805155136050088
0.6063439894919559
0.8911480495634819
0.23594614346958942
0.23670814252755912
4.719583081034051e-2
0.18885004391196902
0.11593262450053798
0.5621273757038
0.5417160992349964
scriptMetrop.hs: [extractTree] impossible
0.42091552022865286
0.528043107895222
0.778229577297843
0.8248387396973197
0.1282535493051825
0.19201510515303644
0.9842096521498257
0.7118892897504797
0.9129302601062176
0.31957384573207015
0.4128311391387599
0.29690542528846076
0.42088014052318756
0.510899258335373
0.8253515209225623
0.7629396038414361
0.2533380620396125
0.4949389990515677
0.9445349526867418
0.18399902153670722
0.2779223110708303
0.6001500301168298
scriptMetrop.hs: [extractTree] impossible
8.256872848233854e-2
0.14088660364375227
0.5729962707438457
0.6045011123817622
0.6390921814769982
0.8539027787579135
0.973493586992615
0.5179820292803189
0.6781561600615952
0.9572985131273902
0.6201057377679596
0.7554905241681432
0.1289973719768115
0.8123609615726436
0.6923670284955005
0.38492981256910486
0.10820797719130126
0.1417397221148503
0.7271894706252174
0.4887955903854987
0.8897869188199102
0.4952429077921695
0.9417927863192893
0.26842264984661235
0.7594651994471563
0.655348967770432
0.31395149485392004
0.7502851254275545
0.752306379683299
0.893764259363809
0.8370060816057775
0.9801460194157686
3.461744011467671e-2
0.739170008400485
0.8467730295991166
0.31853209415138595
0.6805889728554201
7.150415482503603e-2
0.16406668984448347
0.7939996514611526
0.8716676432966138
0.1424346921749634
0.5837951222891448
5.8949101410418314e-2
0.30146311974963413
6.437982822453636e-2
0.48047255716184323
0.5394490417545507
0.4550568654221602
0.14456859105430253
0.38516467016819267
0.5486247231242748
0.608895840456939
0.34110989821361837
9.034190725237479e-3
0.8435337594295028
0.8194190599489194
0.22312757575980424
0.4112897767077498
4.629701716944157e-2
0.24265375193105798
0.44534458471392135
0.3292981606145394
0.7825541804776798
0.58754755517207
0.4476646459592556
0.5707453362397635
0.33264916927204047
0.18114763461149408
0.30019007185361846
0.8354698503325969
0.7185286129787197
1.5402997268812446e-2
0.46058972564787093
0.695244971662995
0.1323682207107172
0.9441427198962974
0.5554669135828815
1.0051145554104468e-2
0.5050404090068369
0.7820661110550914
0.6225011581073571
0.6476527207174313
0.6273285372413379
0.3358779321665394
0.9818503448311847
7.398118421629818e-2
0.9166238545418478
0.7970464798356539
0.7202450751345274
0.882615309204856
0.4656779127559104
0.5795415458911682
0.9725211773801309
0.7859023261827999
0.9868326558629689
0.9819033267956195
0.839736171758524
5.3062143023950736e-2
0.10900011987558311
0.19994680604949921
0.24598632723077685
0.8922543209763906
0.9595875623603972
0.24661602886430456
0.9296697526291017
0.7893644298961896
0.6019934735673599
0.1386811689973918
0.2758257521094075
0.16925918894458836
0.7708016486638559
0.5219121549913631
0.32454132562707516
4.886182224170199e-2
0.6224447878169553
0.3393476866072699
0.8813217088550637
0.6598537769812186
0.9531833479121784
0.7644035798350878
0.5236603774233625
