0.5615266347617968
0.6518331700472796
0.6885464479816966
0.43231005043255244
0.29610574643034526
0.9876634343292822
0.4694974726320781
0.5661874925679299
0.6579641478226813
5.9083936179901264e-2
0.6823238570447726
0.11938326860198745
0.5769500795100057
0.2655782838985733
0.46166597419120337
0.9467337788504263
0.21042558712521375
0.9892087205565033
0.17445035929444297
0.8469159782041619
0.8139929630975048
0.3796207375695281
0.3143493110751189
5.453613708077365e-2
0.9480816192655078
0.3739549012682687
0.7991618511427993
9.626052139233177e-3
0.8434378223255018
0.4118192858918136
7.319171127910551e-2
0.9174079681841617
0.11964939148446552
3.403406688189581e-2
0.8424257467579549
0.6811779203485454
7.2559382252866955e-3
0.8845244462921235
0.9462597305397323
0.839636996926063
0.4776284676054724
0.4177053283677036
0.69941436108242
0.1606189071070231
0.9541115145955313
0.9478988639715246
0.8428624070611112
0.24039140985362983
0.34472735202223215
0.6104410744662495
0.3276138068288711
0.10981303853736846
0.5202200011514119
0.7887819319978354
0.8657818140982653
0.23661602456890585
0.4187670180503601
0.8324430409882074
0.18074099820903855
6.120398242636138e-2
0.22600373488082692
4.029918379323105e-2
0.8610968210077735
8.402070999612421e-2
7.742403562020506e-2
0.5630705128642947
0.8585104490639827
0.620990855572587
0.8284953084577668
7.31422017306248e-2
0.36228454414991285
0.8624742259428565
0.2541529179408567
0.7281256701481446
0.20041255310380113
0.44200226731246384
0.2834888189416621
0.24369444020387998
4.6549455413958385e-2
0.7195370541047316
0.7526403651409234
0.7950916503588009
0.3795354050661929
0.5992245206178873
0.33121340579437686
0.3459521953850494
0.6898206247987132
0.6268159922461328
0.12038233830597822
6.209774778090049e-2
0.29541879062192467
0.7650422846874595
0.9275174290405049
0.3141002189512633
0.6824020072300602
0.6988149157446623
0.37094019529097866
0.3009255096818718
7.134382946116447e-2
0.9854944692630742
0.43223982483491674
0.6498701524038765
0.49832185798155304
0.3343735494189838
0.715973362004274
0.8948829261273324
0.15962560346422638
0.5808276548970316
0.8263949656807564
0.4353595841215073
0.5238463853094916
2.7460133483530158e-2
0.7726110738980873
0.3496040265304269
0.8106902392476097
2.1982048894572226e-2
0.7233396216226479
0.4311855032870685
0.7092904956403044
0.9339520281328298
0.4715551072197447
0.9171951508220547
0.9395380024880585
0.3310318259642969
0.7390801212766928
0.6648939428581412
0.9275447223018304
4.477130152740394e-2
0.9324149998800574
0.4770808665377738
0.2633921574238315
0.9946871005939807
0.9783268135329054
0.16883793707371486
0.9701679470448364
0.8773841194892077
0.9254615370524625
0.8907140377047243
0.10067054475498793
0.9079426964211176
0.8542188736701729
0.586350645459195
0.9005711648939138
0.9455721931578726
0.9743176750263364
0.6683693266225784
0.5894147131717465
4.1011175439729874e-2
4.557698613750216e-3
0.14726422074297185
0.49591541593601984
0.1101629964103431
0.2835576954083049
0.5402445571571625
9.675563475862103e-2
0.5779722239731017
0.999114107662673
0.8329033084659893
0.14679788387257753
0.6537181897595051
0.7332002993100829
0.1376589615539584
0.5697444881952157
0.7522011991345953
0.554252780181521
0.8200471327432358
0.832888189372443
0.39702458939206153
0.8546038326311506
0.507029287527245
0.8912578848515548
0.580891596763044
scriptMetrop.hs: [extractTree] impossible
0.9274702246629781
0.6284280869166684
0.4206994670059957
0.802019890949316
0.580197301778271
0.12667307825178764
0.8263688006268587
0.9214712337545515
0.8449754256802969
0.17047188584742912
scriptMetrop.hs: [extractTree] impossible
0.8209165667240145
0.48798396865036053
0.18384989379644712
0.727529026532708
5.5125123443636626e-2
0.45594200138300434
0.705105888369589
0.7582043780487934
0.6112762196161229
0.5991988619836682
0.5594522820963409
0.6081465374019871
0.2479968348406426
0.5666348364052104
0.727046683064185
0.8631215951621755
0.12316365049993061
0.26131888143603643
scriptMetrop.hs: [extractTree] impossible
0.45472900913709335
0.5531500888134359
0.350840838483374
0.4964923402821332
0.16459692336908482
0.3444798576968312
0.22836518845566023
0.5578177746214813
0.14076654111284703
0.30482665857461055
0.6842364733215937
4.742961988243011e-2
0.6928581093280285
0.3119865880321323
8.199237536062831e-2
0.8109351808184145
0.19622930649411197
0.4282738322297145
0.5067761244548193
0.7977994732301082
0.4290192229682762
1.5969041614870005e-2
0.5581326133905901
0.1520166487843878
1.6167829676717704e-2
0.6314557195833826
0.7922417146683048
0.7872645634927394
0.5819891084836794
0.5443247705088731
0.159048720328964
0.5078318142889661
0.6517800376284789
0.3783718785167739
0.5550211411131211
0.627870098232823
0.6474356371200308
0.3859155276417069
0.7819477032334147
0.7997549445462359
0.4988825389919026
0.46185968986212045
0.6206809867474329
0.7882386649568124
0.9541885567384988
0.34580484177806226
0.32654521904498146
0.82645317237477
0.1847668992257233
0.505629681003552
0.955561929376252
0.46174265471472886
0.5275572550887556
0.1231111045730996
0.3554393877065526
0.6157543768702302
0.23042143152558292
0.8390310956036798
0.7941892027563672
0.6585225429950935
0.819447485648272
0.6666747130651584
0.5699037598381048
0.758356370744048
0.1025137340092509
0.8214031568516135
0.5982145186919493
0.7583460740673674
2.0483471899207628e-2
0.6746199508328853
0.404176025338728
0.9894861559884515
0.9140497012804628
0.1428038885149595
0.11543525769152463
0.5406335681022868
0.3552551908324303
0.8078661629432954
0.4415686077438713
0.547879766283848
6.422005483872295e-2
0.37048699248230677
0.1347675808673353
0.5143373515385249
0.8147660297399669
0.9242016347431795
0.8447114771712646
0.965069836425645
0.33954583895324497
0.5878776436381169
2.4066506133687215e-2
0.5011055523337168
0.2320096621999762
0.8166522763068548
0.9561193418209201
0.5594211873855836
0.6777975326830733
0.33330878317478796
0.6816107143015896
0.8936387896965153
0.42564853348737974
0.13403778760838259
0.46305963555836593
0.5056628170176897
0.15943997184640357
0.5754523215209214
0.39889464609297687
0.2824524278576649
0.4617976986811053
1.5525493173176863e-2
7.014213901281707e-2
0.916156955121107
0.21621939376154808
0.5524210954575147
0.23920124096592754
0.9664405288386034
0.4449224052659754
0.23696093573405486
scriptMetrop.hs: [extractTree] impossible
0.6770301650577123
0.17647540016212748
0.9235090498434716
0.6265045558362098
0.7461019623001358
0.35264679375406105
0.6202162549475335
9.635710271625497e-2
0.8529479622777424
scriptMetrop.hs: [extractTree] impossible
0.3400638716245149
0.25426667709290374
0.15921199295659905
0.4015062371041881
0.623652755460815
0.1562561309898306
0.7910876922090128
0.2928727990758032
0.5071185106640698
7.075651660054627e-2
0.8268538483077706
scriptMetrop.hs: [extractTree] impossible
0.891668350148655
0.7248654072417454
0.8934036278488843
0.7876537268081462
0.6623180265469147
0.11711615796828789
0.36814501664516197
0.49219035237915565
0.9510137714699646
scriptMetrop.hs: [extractTree] impossible
0.4979947155435208
0.5851775578760127
0.827441385017689
0.8353454306587605
0.6847769266133402
0.6664894280638985
0.5163032821198187
0.5636072583692443
0.6378883464301418
0.367453849170991
0.24307996196997894
0.23192064674034618
0.6119312480035718
0.7410372470789665
scriptMetrop.hs: [extractTree] impossible
0.4166438341097981
2.7283053596263263e-2
0.6482665919527165
0.1680291487986475
0.9707108143898945
0.9681840422816742
0.453596536089622
1.202572468282026e-2
0.7435091678815268
4.9535468140107786e-2
0.7873384870752244
9.89431503095034e-2
0.7542345048776845
3.6749706115141167e-3
0.6364092122409349
0.5088405751118857
0.5595836748992976
0.5794604373264532
0.9992641448854781
0.5050392653349677
2.136944134978014e-2
0.6439402346758744
0.3449833694152148
0.8219745789336254
0.5403455143255699
0.9769588169532263
0.8818410868688588
0.6138020312188331
0.8319165018994629
0.70848658618665
0.35464835492249736
0.5661397054692371
0.8370539275225638
0.4092315267365646
0.4293573750995313
0.5028026518244583
4.881623858639694e-2
0.7375260934670046
0.9308015134288957
6.945146903617261e-2
5.5052865425350705e-2
0.6216470169668679
0.37427986577189765
0.15473397739935002
4.4336170200398484e-2
0.7498764871212465
0.18206145540280294
3.112137428681583e-2
0.33525001703155366
0.22028417373311082
0.5414510759799355
0.6905157266406906
0.5593217481804466
0.4525488415518445
0.5907209187335022
0.4271969832527117
0.7123363635244814
0.3653451362296348
0.8138979964343208
0.22746687479351324
0.20781762991761832
0.2905280464896508
0.6937774932095934
0.9548276364859615
0.7689594725509877
9.592087510190661e-2
0.25984403010488977
3.433202764952703e-2
0.4818396548091245
0.21311640380987418
2.5564136126663306e-2
0.5805365886324666
0.13242894076447198
0.8870300702429731
0.5581525273327056
0.12540303383707296
0.784003894460824
5.0702731841017035e-2
0.970887807464995
0.9250138802160385
0.9550202481542777
8.297159080122962e-3
0.21601481358203067
0.8670941349326445
0.16040811319912252
0.9902997485087083
0.19022831989403743
0.8461526118525379
0.8838684387008803
0.131106425892496
0.7184088289573635
0.42837539154928106
0.31661478705964996
0.912021702034218
0.4771138932769551
0.693869430257369
0.16960805312393246
0.8575011344393205
5.987285630114747e-3
0.19100232909390702
0.6163501570478892
0.7503039830931358
0.751083979011664
0.19550915157661508
0.1317094184089712
0.15776613249330607
0.8569368533385439
0.8745899992770955
0.44801820634969347
5.278271952027447e-2
2.0027499644414415e-2
0.6867224311116221
0.2891944918827748
0.7481124094346633
0.21729496375656876
0.1371689408278397
0.15802766864391649
0.5153917407901502
0.7738438103389956
0.9928565084067565
0.7501881886304907
0.8868850857253555
0.5466719862010384
0.9398173358556182
0.14191715442275343
0.7403271021666239
0.33933916265673114
0.851715011648127
0.6269098218953574
0.9797808321709623
0.9512739899970527
0.642987452264547
0.811969498806313
6.243157691048995e-3
0.46083623477377567
0.654118732047735
0.5484822607928589
0.8629575760989888
0.9431867110112094
0.21002065028666161
0.13785940891358595
0.7146351389434679
0.7774295286224767
0.7262208076651936
0.3376322851419268
0.8337921072439568
0.1033356046992594
0.18033524030411796
0.522212594099973
0.2199190097860998
0.198994651916511
4.925794324438082e-2
0.20686157652189008
0.2874618440252087
0.8726170262512091
0.5536500152838552
0.6251133144097519
1.9582624264766424e-2
0.671187873069293
0.21020225847202478
0.20597878512575318
0.3761343599254442
0.14881471969765092
0.9550697801860254
0.13854091235479704
0.8583144205891383
0.8751476324828448
0.9096802010709327
0.41589645046853263
0.34333811820631877
0.2625444099628208
0.34669585627463884
0.769858254210083
0.22462377674630696
0.23753460297463114
0.389689842506748
0.17806774245091528
6.857314631749734e-2
8.687192406253652e-2
0.2469540371815574
0.9580682978407721
5.734307022575902e-2
0.742181560999663
0.9538875401865462
0.15810225222972407
0.40046648623171144
9.896449904564786e-2
0.10867400286903484
0.490797561581808
0.725184293328177
0.19248220631642432
0.48398263443092515
0.42022163643944677
0.9284878654658851
0.1854554087102508
0.12751279913606794
0.5554667953571272
0.7744641212172362
0.9886169653950462
1.0897693845879242e-2
0.7671128745729493
0.3598135526519123
0.6516442215169186
0.7816248015921391
0.3164955005512541
0.9830993211697477
0.7351122153804338
0.4683112779117259
0.267571423307187
0.6982352654855598
2.688212359324116e-2
0.22261325734231552
0.6462192413344755
0.7096482671713272
0.45162974608982676
0.11077112022974667
8.37652034557036e-2
0.9364448912949007
6.911162426681317e-2
0.6965177676759021
0.593430857360545
5.408161594344019e-2
9.40112861490644e-2
0.2694636477111282
0.5106517540421399
5.510826819293635e-2
0.5719465911366312
0.9213492884971778
0.36358582902601044
0.5224814889033206
0.4046191874974484
0.410261047577685
0.7594167657101077
0.14776124504637667
0.8098430023576494
0.3130380385647943
0.9014956812568272
0.30486948370642264
0.3412377892317745
0.12387221855781194
0.39653663245275006
0.27111454818536485
0.5732080646056362
0.8480623763939582
0.20291938677144372
0.6606082764193725
0.48929589975181587
0.920877942042997
0.5741828340189473
0.5075869884249359
0.30683193537356834
0.22882388418954502
5.500379634526287e-2
0.9634474431197161
1.5590227819283209e-3
0.6086758842864494
0.31314856046470807
0.987435222617797
0.3432276437300187
0.37547070385728476
0.5465273900603179
0.6536614712899381
5.197963942255435e-2
2.831245858355247e-2
0.5969700091116071
6.722563068967335e-2
0.8260143508210548
0.9837258237244791
0.35798006521068537
0.8154720362629445
0.1425794767758949
0.6699361077272409
0.8442517738020973
0.715380678545268
0.4239562880277302
0.9791799475212312
0.8084758886141513
0.8306682552572079
0.812216109294491
0.3548481196184533
9.882060525076597e-2
0.3439372457867701
0.6394075397172235
0.14131152108401268
0.5053697302626042
0.19900951569308967
0.43950026803617404
0.5290523486582485
0.3078201285758627
0.580309514061372
0.7467025911083792
0.8678715780235872
0.5072271865929404
0.2113712400498594
0.17665854863070918
0.7028287591424048
0.8823552050747364
0.9648810156376938
0.3316017820308438
0.4858602892646483
0.5928627575359043
0.6897698048965141
0.9619752532420437
0.15455904478084725
0.5370414614080791
0.8328029921234893
0.8299942703162998
0.9798041328559285
0.3791265556024762
scriptMetrop.hs: [extractTree] impossible
0.7424517819232755
0.6362046047656921
4.6123182503675975e-2
0.6464600693203392
0.18130148450212713
0.8202188624358518
0.3663376361952101
7.922696193069634e-2
0.5659411192324412
0.963935120369913
0.7131226226179522
0.5490491129437997
0.6926913008629675
0.5316039007523211
0.7574510292624025
0.4622059153192283
0.3455452489569798
0.6426716154934372
0.5075047829418978
0.4890803935850644
0.7226505942321294
0.23683957601152594
0.20149808009850478
0.6436164070345275
0.14470321488347804
0.6173236376629713
0.45213738556076166
0.6499544800412825
0.8374500825522723
0.7715892948061925
0.164191475052342
0.10300237124668643
0.43430105989717915
0.8218179987985778
0.31534440324690316
0.9338306045713368
0.5187221830547016
0.6895708710215614
0.8965526689673237
0.15125434631753476
0.620632854212897
0.8020429271193973
0.7849491944573982
0.3107303493898371
5.0980417104748876e-2
0.669653260621449
0.1950408467348056
0.9332446069642198
0.752028065402674
0.871595245308643
0.339172945879869
2.5818909647823518e-2
0.8091917125078606
8.264121981518502e-2
0.4788341417442247
0.6633941749933082
0.1949683637548939
0.40096950504523854
0.9153016220444675
0.4751681303014671
0.9312611417770075
0.7397868655533147
0.9790939837628961
0.787712181174436
0.4163246728458593
5.80346251457885e-2
0.12521092513087673
0.133724222175179
0.4495250391740363
0.5396074196794619
0.62984839149928
0.9143320118577701
0.7118303000194312
0.5703439900622359
0.2908171827837568
0.43910220471101546
0.9679922852347987
8.184765501182356e-2
0.669899927833376
scriptMetrop.hs: [extractTree] impossible
0.9495330174138
0.15094824630896786
0.7447027447632645
3.059887443610554e-2
0.3709664094717696
0.8409545549884182
0.8322496599470249
0.49295610916820787
0.9681545020544865
1.57798713668148e-2
0.7299637825187907
0.37920090368511195
0.3804066474712807
0.3838983833626003
0.17250939707897428
0.8333304159416056
0.5088176503290222
0.6840230127487906
0.5173234775904066
0.24481316596813507
0.8708557586598394
0.6253978464019766
0.3351860672875725
0.4830248155860829
0.45015083820155344
0.8815449463864574
0.5123819959954509
0.244961652037336
0.6272687631540349
0.985585323117249
0.4777070738631003
0.8829994976226804
0.11549968746851469
0.7555235291360481
0.9401461190118364
0.8925413896705118
3.149927129569263e-2
0.6835629423646526
0.1728695230082936
0.8531195916595552
0.7553170482829817
6.007255087920105e-3
0.19422343042366197
0.5631691546182652
0.8081775284611211
0.2991783144438692
0.35681397266084336
0.7211927349248412
0.4228764906095587
4.502339656541221e-2
0.7168971767963198
0.8311283205354129
0.8491903814074219
0.8421689268050939
0.16048258162111206
0.7030140318057821
0.989971431123205
0.5836190296840119
0.9040552005893795
0.6747906969723624
8.147646011792964e-3
2.203864435993641e-2
0.8354550599323988
1.073232238268218e-2
8.26727642502042e-2
0.8383025972812096
0.40124770731494597
0.1478320489739614
0.760954232743572
0.6127114916152748
0.4681648687795218
0.500341815076545
0.5915069353559127
0.4633171554832788
0.6345744954550622
0.35018795187940477
0.7841505913161703
0.9645975044847358
0.7526826424127259
0.8328414097733318
0.19632347806966755
5.360165766968994e-2
0.8673610064674105
0.1443678794002644
0.41830921910134744
0.43928613731530863
9.12309733756379e-2
0.5106350412129855
0.5807587276629923
0.6246426837403939
0.547649896665657
0.7835986254593431
4.694234315949697e-2
0.7140103828110141
3.401949040067298e-3
0.2883926424603257
0.30203086250061706
0.3471098218947962
0.19712532109144332
0.624867713083659
0.3233719951991255
0.8431176081847896
7.591546287891926e-2
1.979652967081169e-2
0.15279792684832338
0.4183189047477268
0.36769396288756295
0.7168088315773055
0.9171928977855991
0.5626091048808829
0.4772203403863905
0.14467654413249276
0.3845823191955319
0.45121600378887317
0.7504414106625282
0.9267370931831654
0.7681416448324406
0.6218300376949933
0.8307104587390614
0.7044513271286771
0.9532144377904773
0.7056722790116613
0.7687120975660445
0.5979352225969586
0.35243330975712583
0.9779398596210455
0.6253371344978137
0.2193453945157301
0.40849055311280213
0.9247055916127419
0.6714123344784507
0.19248361122705837
0.3624342540009208
0.22179635966344258
0.6405363812073809
0.7764520412104438
0.7673417947111932
0.6997294880294281
0.7855309938702076
0.9478010904924979
0.4360139302672136
0.26296952369616544
1.2304391858428132e-2
0.20961008677118753
0.33340719046148737
0.447532243253958
0.7324708229917435
0.6399349531618964
0.8555763502519843
0.37151646982667297
0.4576241354361271
scriptMetrop.hs: [extractTree] impossible
0.62020371919688
0.5640072944503546
0.2638802396325889
0.821056833295959
0.8638820058015267
0.2819449567676343
0.272762540405329
0.9672164702301934
0.1898056844942021
0.33763909077838095
0.8958087615445259
0.11924619409807546
0.45726042620770146
0.691446184565803
0.7604483171422157
0.9846957020658323
0.4069947048800583
0.1047662508540369
0.5661613968693674
0.18227897632477907
1.1993767236824104e-2
0.6668741392877792
0.980856370681154
0.7782212312965276
0.74302781964092
0.5018198694013424
0.5784729204046576
0.9999519573135939
0.23310750569020267
0.554529458509141
0.6171382031353837
0.65682506832163
0.5905124056589869
0.5312620822232089
0.11352400091962223
9.827345111837837e-2
0.7832218941888861
0.18896832972580369
0.45387146680922397
0.6654605876196192
0.4281692983965334
0.7219538039588683
0.1213315855449203
0.42151575696758836
0.9545712175736377
0.39992087203019644
0.8193868942816994
0.8726612826418564
0.7233650345442307
0.1448520592777106
0.6025367228337725
0.6137768707272085
0.2931992593982796
0.8810864414107279
0.17121327416527132
0.8881543119628269
0.3304351545990335
0.17989559144501654
0.302480971541642
0.4493867012834357
1.9553607452682864e-2
0.5592679536368973
0.5847974133102599
0.6310891330469292
0.67576706628619
0.5816876294336722
0.5418615955277722
9.575288235556167e-2
0.39998633481939894
0.2311327729274516
0.3802607472453877
0.9163224728684337
0.22653306469674817
0.18500678086436773
0.8248927271218892
0.3574472266133445
0.13419111116494153
0.19346971030446503
0.21977835659326084
0.8443149398211479
0.18669319980542387
0.7557501744534664
0.7416650724809696
0.6200215989216568
0.4904091213550438
0.8985568483729326
0.4477848471392717
0.8032175858360363
0.22646069888426357
0.3098453877545603
5.3918489031458905e-2
0.8024357654805127
0.40137975152513505
0.31186347848650964
0.3057542038007025
0.6845330352809175
0.6067374226013568
0.7248959966655805
3.903316575254856e-2
8.794002304452964e-2
0.26343383880349813
0.4239100647604962
0.8203083709147155
0.9056825835071164
0.661557517562915
1.0414109864252397e-2
0.4020988899994963
0.5110715189484248
0.706036237406627
0.9381921994331653
0.6726215805618333
0.9800989512483836
0.15924579295524655
0.2046417855063446
scriptMetrop.hs: [extractTree] impossible
0.9959625816736849
0.32819779474463096
0.10913078773648677
0.32860918192399524
0.7822228786485531
0.9107188953539632
0.6207303928289011
0.7649987377018829
0.4046035681729129
8.756298340766933e-2
0.17178245103026757
0.367859482491541
7.356089006801414e-2
0.8154759444746652
8.499903673772924e-2
0.9616625203479378
0.9055718947610135
0.11675123812411747
0.2980515088413086
0.4408858561996326
0.8373679385756597
0.8317565788284597
0.6017512389548908
0.41374422976326397
0.8504425155311687
0.8665094646446015
0.6301633925359006
0.589160854130894
0.4504252880028926
0.8621298884139929
0.924149375543314
0.3805927923328435
0.9951063540870376
5.5055881730759926e-2
0.22422123216642287
0.811892873369476
0.19185970119627604
0.9565320533170129
2.4649810946756667e-2
0.25653713630180464
0.8387053350580481
0.18288563012115155
0.6525879133367226
0.15398808736597525
0.3006889460906398
0.45880808008205964
0.5197844336886938
0.7546505745811641
0.29020927145583386
0.6550505291724763
0.9069810703731346
0.6175063164731166
0.8006405708890841
0.9484443591680919
0.78742562117122
0.22610199827504107
0.8272251666469556
6.520018995332355e-2
0.368313618751717
0.5342174877621261
0.12084175807772624
0.7872342361841921
0.9903526528601937
0.20368126695737276
0.40989777527804205
0.4852019103618016
0.8884517217956373
0.3795945574986984
1.5200076399555562e-2
0.17760091837080216
0.1455920115597099
0.9764667476039964
0.7176669667374428
0.541267536148731
0.15628883115816172
0.1476133563166605
0.7886740468761307
6.1249670238203824e-2
0.45298914273168556
0.24025064437623367
0.4714259667165034
0.73274512713743
0.4240913151198801
scriptMetrop.hs: [extractTree] impossible
0.7731434806747656
0.6906214121563764
0.8276728096926645
0.4584287030304678
0.7813208159208168
0.7346395749309785
0.3535438499962068
0.5374403229822416
0.1654411227280358
0.4920372579521902
0.8568600951724933
0.6897867747651761
0.34497493529502254
0.1806135737649125
0.8460630592488653
0.915348586841591
0.2641449668879593
0.7064809487634777
0.1694156178123173
0.4208124733661446
0.9931047758035264
0.7638231907133547
0.5371658151356465
0.47270733741800186
0.6728443626637993
0.8343961649357975
0.4259611253593262
0.735924938215197
0.9292154847343373
scriptMetrop.hs: [extractTree] impossible
0.2315085413584309
0.8775566983765427
9.763435535355558e-2
0.5441241808511529
0.8436678576058861
0.14295730895133263
0.2282594517240969
0.18546112494426026
0.26578766865751546
0.2882216725567971
0.9413358526571346
0.22685422545679879
0.3799483238283935
0.9679636685290135
0.35036743732393394
0.23585346231591153
0.35562527239093733
0.4460140832435252
0.39176993648208647
0.16730386770719152
6.171991202230698e-2
0.4260313149854965
0.7280223061243248
0.12879429046364443
0.2928725455225877
0.14059872423104103
0.8453291824146202
0.9287362593147354
0.6225851736997247
0.7098950261980553
0.4843596259156916
0.19163029356833106
0.6154527245762796
0.5862841292113928
0.418175572540734
0.40216365088258377
0.9884275729084532
0.911387111903942
0.5534115674885275
0.20817766737768684
0.7451115685912809
0.8207167877129019
0.5835752563115609
0.7183542967004027
0.45840775460673033
9.474794197753555e-2
0.6833249542917316
0.34833368242471663
0.17528238111673777
7.103067032260124e-2
0.38705947657182904
0.7825746671316326
0.7253875313325374
0.4273715523281366
0.8490052210510205
0.29677942230207355
0.1956936945804465
0.39460892747064935
0.29719991540392365
0.3792486167206476
0.20017586953071265
0.8333211442532319
0.15804216686997907
3.4465077793285226e-2
0.7144401982509435
0.40859566138448444
0.7863820092701824
1.2843873458509125e-2
0.7907787100768454
0.532516109035461
0.7120630024996334
0.3192409680476719
0.33513099536645263
0.937862267551406
0.8669488845066814
0.8914368795482056
0.6598602164792619
0.5419886567758293
0.7965011030242665
0.24823883079205455
0.9154303307227255
4.687910388612038e-2
0.5487714452382985
0.5254629566003916
8.332157550913555e-2
0.9754464536808606
0.22754807160389412
0.18491070322805692
0.2648403873660311
0.1740225539613448
0.14818445229880906
0.6748568035448396
0.9511820316070551
0.8156960805255705
1.0271895207287884e-2
2.0485500498473974e-2
5.679695145094443e-2
0.446551685938147
0.6717830560226076
5.585985107066571e-2
0.7692695916686073
0.22842062935678176
0.49208416736182625
0.9683062424118066
0.43052443171153787
0.19724254697980925
0.39583143577759416
0.24937580180587704
1.0240084708368347e-4
0.3023204034930268
0.37445936333394336
0.4653859414644318
0.6988371416632181
0.50502776299848
0.8681590739711113
0.5716509059803453
0.45891055198609376
0.13927371790694976
0.4666655704103183
0.27379961034551437
0.37594344196300533
0.9654443523515107
0.4584543362087593
0.28181300014369437
0.40080361823737765
0.2753307559752102
6.709493656727161e-2
0.20978510157267583
0.5788974999119739
0.6589430726538817
5.2654678544295286e-2
0.36389117356852785
scriptMetrop.hs: [extractTree] impossible
7.065319214478072e-2
0.4580823928100951
0.9823474823321031
0.14263800533687154
0.6850872766043533
0.29380740010342776
0.9844526441816063
0.87064654188545
5.918665633153919e-2
5.0959773406238695e-2
0.24308313362535616
0.9247599921029491
0.4450213384164575
0.5922791758423819
0.8497378311526594
0.957885049979924
0.22553015945005617
0.560310724834859
1.6475149149538626e-2
0.7217779870633171
0.7419033912762122
0.85798708735014
0.8430768201302486
0.6992504928357764
0.13912684833431965
0.2497433773403307
0.7572091110889797
0.13407783723629374
0.12475158338431036
0.9496932730145554
0.17067188952448775
0.25686587268203065
0.1548506215876736
0.174194740696492
5.352110976917557e-2
0.8699111356478028
0.10177086877626029
0.8968608763410134
8.626899706118485e-2
0.8732111141564084
0.39690882742621236
0.7689808530171
0.5004413644478852
0.8077046631145458
0.6183802503774615
0.7011087396591674
scriptMetrop.hs: [extractTree] impossible
0.7282562759578973
0.9404076400314628
0.4216656826324666
0.25188814914587876
0.1044417788987001
0.39572424531886286
0.48339229054047805
0.39563811688093564
0.34237159673090767
3.294765436495062e-2
0.7941385124828625
0.6468635793654575
0.43359959777769375
0.903793846572242
0.6286229868725667
0.8087494370777474
0.49653053176669604
2.6000619018840765e-2
0.44195837997812204
0.6700344650007216
0.43532751753184595
0.6118784698471086
0.9312369391093821
0.66404037000227
0.33494536887113535
0.49828422047427645
0.6271690976479406
0.49202066722590765
0.40958514045651906
2.269780129996346e-3
0.5362487619088706
0.5348364748738125
0.7536427846816537
5.928820970906956e-2
0.6880794402924654
7.523329422069824e-2
0.13366421849839172
0.5820004896813166
0.9272892288441156
0.999649729561818
0.2773801164126236
0.4357035015876939
0.8765546610190819
0.49959780787314345
0.45961298429644815
0.17456859546867054
0.1859729625253247
0.6268948572205401
0.36758207265189113
0.23743033260361746
0.9075515171910565
0.31795589753993936
0.7011994919226873
5.8636921763098315e-2
0.5252601715130788
0.5561453910285826
7.106429964032113e-2
0.4704648252169378
9.00255438889318e-2
0.9843304780653802
scriptMetrop.hs: [extractTree] impossible
0.3049041903344002
0.48342139368540316
7.04859349589193e-4
0.31383232168295716
0.7595815914752174
0.7515500905232496
0.7572493754831987
0.3123726636970775
0.6441388885791649
0.6927473341095586
4.7364263881799595e-2
9.690474476696076e-2
0.613514227312539
0.25819742999826
0.8530156685374325
0.5128074477700856
0.7698007383916202
0.161048209493173
1.9461728057898697e-2
0.7220715892680684
0.6359434780188687
0.9727859612654358
0.8702339967191227
0.855857665244976
0.15862306814902982
0.7477497036947455
0.21960205786663523
0.9998558434138319
0.36872457466618747
0.6504125177064936
5.4203023761593916e-2
0.9662244829347638
4.716525719967246e-2
0.9133917540495841
0.5880355010071071
0.5416102721232993
0.9972447663510807
0.9736020695322934
0.2564600658047066
0.40662958364579926
0.5461793337409203
0.6073147371204121
scriptMetrop.hs: [extractTree] impossible
4.470026139411165e-3
0.3880500657625
0.11615786376798753
0.9210485353962107
0.9978796673030289
0.9929293894841117
scriptMetrop.hs: [extractTree] impossible
0.5204769425917263
0.1958912816927446
0.7371025079559478
0.9127311918845099
0.545209363300715
0.5361697753790743
0.7222497669273386
0.5668545928074441
0.10902522420521688
9.746980597132182e-2
0.8728610803028284
0.5647473440828416
0.4246701519025714
0.33853904857705885
0.7696218209173321
0.2659832450991092
0.41815319985427835
0.4170395782216215
0.4575343876756409
0.12497268356841496
0.5603483865537383
0.1377900868111156
0.26818383713961114
0.44878726081415776
0.5174266420497254
0.4088547434447819
0.12653802266047653
0.1923508948831748
2.8005163749728057e-3
0.9558692388448654
0.39510422777847387
0.8770003626377628
0.8616054890235835
0.645342427899024
0.4991828599716087
0.6219458008706092
0.8216095305255117
0.5413661558645445
0.23942116494404886
0.996120107726674
0.2295193409297963
0.8463267325910336
0.4316829534112606
7.135923239235953e-3
0.5006904849715476
0.15216402652048966
0.7254025409902888
0.35744796749281516
0.6040316146573156
0.4240848392193829
0.8972548852069374
0.2813186889444991
0.289709867784408
0.6527063719537373
0.6337366922809896
0.47161