0.255811033775304
0.6828255654617791
0.14225556499289704
0.40092526700285147
0.15184138101995825
scriptMetrop.hs: [extractTree] impossible
0.4773885784059334
0.25515302655456085
0.34699641559904537
0.8718832101805164
0.12330205276580786
0.6624810204000152
0.17947476153768427
0.8819829527553246
0.6711643064066083
0.7173346370048509
0.7523538579842793
0.5939960772829288
0.9236915541332594
0.21645879591627504
0.5131845555771813
0.8546363456251024
0.7155229568175344
0.7186544200319666
0.4659098067401236
0.20708935293810093
9.671625221916902e-2
7.469827176272947e-2
0.27373615018259534
0.24011607482903152
0.8338068344240711
0.23948142578307519
0.7054182497078597
0.3793753589746546
0.29765843759329813
0.15932327798216217
0.13154058916505817
0.7736167383365496
0.9645477868229863
0.1629377831909008
0.3607840592831907
0.5537257874270217
0.5838592537530573
0.6652713656039396
0.9586219289375947
8.450894273730636e-2
0.4523051716696621
0.8109187454875145
0.7626676058158607
0.4031540665791592
0.7637667128634339
0.473799279314958
0.3581717514983568
0.8428880431068672
0.63973378733956
0.5744485488902143
0.16885483637316268
0.40153349212099665
0.239139119228856
0.6795370699360704
0.23473069905564758
6.381064651701018e-2
1.735058579904536e-2
0.6317004948654371
0.6644897609084247
0.971425864542056
0.9099975919296354
0.534061381008322
7.246980915843748e-4
0.6395306396054888
0.5205582559362244
0.5809221948154323
0.7050197602065323
0.1397229117374187
2.5013236084413526e-3
0.533436737418752
0.47201954118714895
0.32177698101456265
0.7968385917235429
0.11224018306103634
0.2735403346002053
0.4539051851309289
0.4174556508870796
0.8792529918366824
0.12248868271639968
0.7619579154869393
2.142325080944929e-2
0.6499226115967446
0.3328673568496304
0.23897003806705708
0.6584653846837644
0.794003837885057
0.8930980366258606
0.6255846389214413
0.4572955437664653
0.6687462287177922
scriptMetrop.hs: [extractTree] impossible
0.9802589003810355
0.38109058572884214
0.5795920385487215
0.7470479484430651
0.5375767370347834
0.13608106887436733
0.8254157923955358
0.7252921455138724
0.7562938034138215
0.35781952072201373
0.23520097285689767
0.6981317126171368
6.657214954943191e-2
0.622090900055526
0.9116218167587139
0.3594888521479752
0.10227501974693876
0.6728717005713086
7.83879871115164e-2
0.30153056115340815
0.44182427503208566
0.3183899595590952
6.275242014050275e-3
0.6749752171528537
0.3998428603007108
5.0383231061154166e-2
7.295485187041784e-2
0.46728747365631007
scriptMetrop.hs: [extractTree] impossible
0.7184060051764044
0.6153049354779122
0.3872782086973551
0.36838270856737887
0.38628785638186003
0.33625541933333725
0.9990929530594922
0.8979992502291468
0.15708953087936994
0.7514191656344927
0.348391020879261
0.8078765676888281
0.9195987290434603
0.6686250215106105
0.21872956703167923
0.5093983757821764
0.9697128416127722
0.40052132110936467
0.6308014195945036
scriptMetrop.hs: [extractTree] impossible
0.342233732292344
0.3290860769665992
0.6902839306539067
0.21614520642439927
0.7341619760044663
0.1954127988919513
0.722717999583366
0.30275882423250466
0.4952548418267707
0.6124380878007359
0.6956746034673652
scriptMetrop.hs: [extractTree] impossible
0.6579004346290892
0.1618620336115827
0.8947228341589061
0.10283075645789708
0.27979946932032906
0.8883867779561813
0.5655091698249403
0.38314274980296237
0.9262024462404038
0.34079693806616584
0.4070306841404082
0.7307351591926493
0.7631332588169101
0.1601893067677379
0.2197452356556916
0.10110353454274745
0.7606377511388424
0.7456328847506796
0.749088518355349
0.6975716200895609
0.5587898089171749
0.9162588805287654
0.20634567049839825
0.8020128810974346
0.4221757850903779
5.241791540359653e-2
0.41186187448713396
0.924238881589795
0.22379481085642616
0.2506694318036914
0.6614604901266371
0.2274790537675696
0.6657777159360515
0.8193530022915297
7.066017160284865e-2
0.9039881030064011
0.6714320929764542
0.13872764064584564
0.5532022512588258
0.1205914036861383
0.8241240669457744
0.5890580818083423
0.6141417688955261
0.6173349539236096
0.4942474558978146
8.2559318322587e-3
0.28167822547478016
0.3936936180797811
0.2271758163738088
0.2921855019531391
0.7155699131712677
0.9143276979215763
0.12459136802678128
0.3932179415227036
0.9539322569168248
0.9562588410359277
0.4618639050898191
scriptMetrop.hs: [extractTree] impossible
0.32196708549123276
0.9003946302318041
0.16072588025877177
1.4038936316441153e-2
0.2025496403952839
0.19300619103846628
0.4964468673465722
0.38926894571970283
0.3373075777479385
0.3256518145761126
0.6621529808276275
0.9654564268419766
0.9974502981031189
0.5038731841606067
0.41765864026806654
0.8649602800439861
0.2754442845980757
0.37833074385083887
0.6732901586814796
0.5137750671174793
0.71863815040189
0.5075552209196087
0.4045864846376176
0.25811346279267944
0.8914690635406085
0.8321444093027904
0.5684099061930329
0.9193425236647609
0.14700898102163584
0.7115515985899482
0.9758933993668105
0.516124082036809
1.4499952688199369e-2
0.736899234634652
0.5370180418766578
0.954597871762947
0.8424228607993015
0.7968723605927327
0.6467645144244579
0.43778459385152446
0.169873718643195
0.8708233377397937
0.933583873781242
0.10963754223198119
4.842652567965422e-2
0.7274980117323454
0.23785700349216043
0.2488988102197608
0.8535483863709744
0.45731882716804007
0.4283651415608475
0.6168510665119894
0.5392757295119562
0.7251621495925479
0.4578775242453442
0.2750042020540645
0.22829435079175797
0.6080135116007795
0.7497308348507475
0.18872236371986062
0.13810222267761751
0.23148673020154586
0.3710807758057969
0.18221716287924938
3.7381143893337465e-2
0.9097113821767245
0.42573834063175975
0.4985292586649003
0.17037593504819626
0.4873302966749985
0.5885137126397019
0.44829403853774774
0.2637817632062097
0.28707397616075647
0.1620571191000556
0.3343141698683504
0.9078091705170422
0.10180815917592667
0.4821903451756614
0.47083871642787034
0.7299201865149051
0.2945770537988307
0.8383455377937666
0.8962173012084166
1.526105802420974e-2
scriptMetrop.hs: [extractTree] impossible
0.8798578790705637
0.850220430840127
0.47407211336316524
0.9039546788902827
0.243706521670216
0.5728381031679121
0.8707995283307693
0.8752009704664859
0.7367619287773298
0.3142548666752457
0.11930822571783739
0.33575756534297085
0.4576714427071583
0.4109010379028776
0.21216130180662252
7.77502911942618e-3
0.44068314753814886
3.588283888470767e-3
0.6915449101494929
0.8547948191624098
0.7127358624599994
0.6161662784524561
0.10985553664510095
0.5569785981122753
0.26896789609664806
0.37861747187833383
0.9140499686985714
0.791638277546426
0.43333600509579695
0.5576875733481493
0.6816106781422352
9.952332892362448e-2
0.8121863128288588
4.326710379026777e-2
0.35938986467353107
0.7585970399845122
0.6542320118104531
0.6839504791540604
0.18192771781521
0.9883135833853517
0.3483233325357916
0.9560656036237417
8.627283155708187e-2
0.6365929992109575
0.4374781829092923
9.435721470970371e-2
0.5824675419640454
0.3904071994686976
0.7652996229481249
0.7860583742350281
0.5808366473341441
0.5034678038711157
8.30480589600121e-2
0.21759824969313513
0.21516228808233107
0.49609091913588255
0.3134537977696431
0.5851365430583929
0.4633372968598414
0.6293585764699895
0.7520614571168135
0.144035763816586
4.7027646067052786e-2
0.3302536097780734
0.7984423377035833
0.9746423896976985
0.9434267837453353
0.4304604565181632
0.10779184630048422
0.9446099782273859
0.42324963175378183
0.9449334671340678
0.2143764901620736
0.38655494676346713
0.4059625891034432
0.5260590566646922
0.511714024141768
0.4992488651998507
0.20315927573034387
0.142455440611453
0.4820463842989794
0.27799258764720836
0.9099320640867542
7.893162238390328e-2
scriptMetrop.hs: [extractTree] impossible
0.8819079143371146
0.3905953379295969
0.46387546744171704
0.5083376938030814
0.8759094163288751
0.2286488826798373
0.8499547421427264
6.47397599346814e-2
0.4544663085614299
0.44976367380084026
0.5725845206858448
0.6620369222470567
0.8962375054763786
0.6515306996323743
0.6598809080905305
5.276370300969835e-3
2.753327424647789e-2
0.847357684894512
0.922449210769238
0.33080745640454434
0.675349522294855
0.28620028828942135
0.27512092066122495
0.8785603056319858
0.361526253606118
0.16277949339615494
9.2992076862641e-2
0.6315094055661644
0.40597087123241427
0.5548050597211073
0.5352667700390924
0.15879853977648806
0.36770613821307563
0.3273217436970425
0.7218893109470012
9.913174514382483e-2
0.7751178283885777
0.9960111223711702
0.6033832375946001
0.490839491744013
0.9997613625416307
0.757232316656813
0.12419452571514122
0.3213252485502295
0.3293716329470745
0.6724336919180761
0.9995200906729137
0.9459909312937597
0.2785133437270123
0.5729277475252986
0.2742641076178288
0.14655783381023013
0.6008281019846512
0.1712853814049743
0.7152475163069153
0.7758078083693615
5.053901012662465e-2
0.9864933605301985
0.590308812436824
3.871527897821181e-2
0.12254540676478809
0.6248307580421179
0.7069249218540409
0.9023569053336123
0.48789337566611424
0.5314908866765798
0.8089577887035041
0.4386504714080889
0.13007995345869883
0.47495785893433606
0.28471053996129425
9.153222185021626e-2
0.5782468651078142
0.43819130895350333
1.1433186663021844e-2
0.8400690846011302
0.6334982454160217
0.2954139116123279
0.2723454648602438
0.8648936211492256
0.9046612737880223
0.6100898449752349
0.43533593451263963
0.32008469275196616
0.49829704713808665
0.29685080353770343
0.8986782741657403
3.259786539927634e-2
0.9257021681636107
0.43771386161530723
0.42057572586244685
0.8302072018320986
0.9282131020213146
0.5759612902937273
0.95622265859296
0.9530246076819203
0.24507746656201335
0.18120891654815063
0.5303286614382722
0.5417065425114204
0.9486724296529093
8.362168682462812e-2
0.5458612058482067
0.1750680725386654
0.10843323388859971
0.954968280425225
0.9113188590175286
0.6468430490535101
0.26319925618975837
0.5719319881823693
scriptMetrop.hs: [extractTree] impossible
0.10227880483753793
0.35324533406919845
0.7733599000421855
0.5983618668004519
0.12287827523333561
0.17387709307485955
0.44572134635868943
0.7090729817000437
0.704267505254878
0.761295324059399
0.7115351774041124
0.4336193953490973
0.9312117875454285
0.526612573462368
0.1425364735748137
0.6565424898379307
0.36517832363704505
0.32920357429640157
0.3248283703557654
0.7177669269596515
0.9213444438349568
0.8289085404222304
0.75455744318209
2.5162537192559786e-2
0.7864059475159954
0.5477632911421587
7.786306682150956e-2
0.6020347382976349
3.489816051095407e-2
2.2334034673646364e-2
0.4609470342311516
0.806185561329965
0.37915175092157416
0.8105136406288799
0.6227494485213448
0.8233380166963383
0.6934995275517742
0.954206848381202
0.922508680529628
0.19305608498692084
0.17301698999262072
scriptMetrop.hs: [extractTree] impossible
0.47058702069582437
0.9875662003507725
0.691842381789547
0.3527650809246209
0.9719294941119659
0.6113579112339648
0.5280040890150318
0.14500361832503927
0.4509124792757785
0.3127245005104361
0.24991661700693857
0.6552376918416
0.32338566145246406
0.9500505904033701
0.2957694488031398
4.139105586721492e-2
0.9283685216942273
0.3735176005544344
7.352586430653452e-2
0.983664712232413
0.8053261923073315
0.957389015865869
0.5843985621678373
8.534929980765205e-2
0.8453124126519004
0.26055700732575937
0.5976582240942366
0.23609004829486457
0.7166621932257361
0.5155006443583302
1.616380661001815e-2
0.7274539361405564
0.6801072524378352
0.7670146379913924
0.8710629245789213
0.5878023912932632
0.6140492915043926
0.18127965208789532
7.729470326586851e-2
9.833138637027561e-2
0.8967042876506325
0.3278995534439707
0.2778237064220509
0.6297538080638846
8.20647201165966e-2
0.8286919468680763
2.1503993674695798e-2
0.5604862651755954
6.3175833147889e-2
0.8121616026933628
0.9786451709115213
0.8126109936605431
0.7618893009715143
0.9095252296674007
0.4190101997202963
9.177502516945168e-2
0.5347717771621431
0.32197520763392473
0.5038840096200091
0.27859124640486443
0.6328155143544624
0.8713178081694372
0.2993037461937579
0.18758345353297468
1.627522687761951e-2
0.50784739526352
0.28411936824482165
0.4482902709340194
0.6798977939898562
0.5542247929028453
0.37016714576283183
0.7958380819958689
0.7650624981856106
0.43108891901636504
0.6987214304150494
0.29094942700441007
0.9780879198581002
2.8723042034556223e-2
0.4955067800838252
0.3475395578463961
0.9711952297849235
0.8899011318542481
0.413873234143426
0.840229159475567
0.7096002104141191
7.878685701982124e-2
4.905999744219236e-3
0.5623833727967381
0.5283643535066181
0.861009777659404
0.18855938555293206
0.42407084915261317
0.41340053671847776
0.9403552008766779
0.22029956844317244
5.4796298028710555e-2
0.41001102672230016
0.3766989694363002
0.9339732842533767
0.19131315102684343
0.664454447642531
0.8916852389455233
0.5631758831760919
0.9765753098894457
0.7737595036783228
1.3387736854897359e-4
0.5126219131061541
0.48016722004199763
0.8539464400014057
0.14573058251986348
0.18594551230404022
0.15230242088012924
0.9117083040962902
0.15559222448091703
0.783856677208152
4.7138241355962784e-2
0.8470481366400094
0.5213341012466232
0.4866818102113143
0.48521196120876586
0.41243066907792236
0.7912088451099669
0.23555983809414893
0.3617602635292444
0.9064947582586805
0.3202193111659123
0.64844168258968
0.44731382909184914
0.7941430618650432
0.4109166517081523
0.6038836560699422
0.3487573354271679
9.391319693407307e-2
9.845115306453367e-2
0.5263480815991662
2.7007344660895494e-2
0.7008929126444704
0.6683650562540752
0.6342386448834235
0.12386245098674975
0.4569877092107365
3.461633342663373e-2
0.7120673900549254
0.43258089319247606
5.821838584184447e-2
0.19915939741358912
0.8725420461460004
0.5118532431298856
0.7141367122077745
0.4463127690479546
0.8616991883504358
1.6888852945477928e-2
0.5333674256877753
1.0399757217637418e-2
0.8093260212268824
0.1869004634125514
0.2535115593561118
0.47395339207027976
0.2777308996420266
0.9591504618413572
0.78434390780687
0.6895126207661221
0.4718964378147784
0.4841664645110083
0.500353944937631
0.9042510473493833
0.47156018373019826
0.6065309618740519
7.96311453508236e-3
9.491533290302445e-2
0.8727368505707057
0.7616970961952813
0.7098563695917196
6.724404902368264e-2
0.7495174755521975
0.7340595562757993
0.36045675913469044
0.37534408942535424
0.818630513927734
0.8276373280392354
0.5265217294931998
4.574442328243988e-2
0.9640343538760382
0.6748817326068274
0.24068690204049326
0.34323788595020177
0.7758666823324741
0.5942960981724931
0.8176215529316887
7.193469449220646e-2
0.6761898313260931
0.8759674161059047
0.24035439392967428
0.7642181925151311
0.17387657854338212
0.4629278657063606
0.6273627476773403
0.19717442958258136
0.35094549844021794
0.9953138372860083
0.3174965103916384
0.36001998930782053
0.8692939468399151
0.6093318961572717
0.9008126004178959
0.3442447045867808
0.9262828502154506
0.4209351702781384
0.19977224671635863
0.9855443294109135
7.04704639845547e-2
scriptMetrop.hs: [extractTree] impossible
0.31559106491833744
9.94799348342218e-2
0.4568885467595344
0.49744210924487964
0.3299213822686914
0.8979658644586298
0.8688406361740305
0.11432598776111169
0.9661817332653181
0.7110334603571079
0.774117397377753
0.3578576895156199
0.41601144922135724
0.4211601413253615
0.4079623619760876
0.5679872601594672
0.2366947135272629
0.8805475345420718
0.24715182976816574
0.95392577599371
0.9028752579554814
3.8964148693684364e-2
0.9287269881950465
0.7033189585919996
0.23303665738516843
0.41109080776465545
0.5665026275610631
0.7537357215156474
0.5730925503070657
0.30602211757643627
0.6353103221336242
0.9427525759792718
0.8856450415424203
0.325636168664199
0.25544652174743476
0.9948296204607338
0.8913686729264575
0.8050440513082145
0.35315997755690265
0.25136141469161244
0.8801773697407728
0.7818573929412408
0.33378217748386596
0.41856803461325753
0.13967779817281822
0.9824774967743773
0.9212498561271701
0.9697813506520715
0.26819816709596045
0.528209392629441
0.9872164328160485
0.9449501850361052
0.16961658251387723
0.3538690954981042
0.1557601198702533
0.8232173702442874
0.23179222603762695
0.8254101679182276
0.33605633691020464
0.8515307817904326
0.20443978211834268
0.7296065450737342
0.6524841485534049
0.8614192611613011
0.14868658343998675
0.17193890496290798
0.6866243526624013
0.5049481194722268
0.2732736579364349
0.13552408471865396
2.1555968550374005e-2
0.5058948223200296
0.824897639144352
0.3036596701561244
0.22824647446659718
0.3090215708427605
0.7632409041660294
7.07689328231621e-2
6.151152416610239e-4
0.7853326936084711
0.25428226328770476
7.371133633807292e-2
0.2805883573836655
0.6597564414521989
0.7625854844001195
0.20360129345343447
8.907071632218122e-2
0.10716412728394598
0.4541954304982413
0.7672476420257551
0.9842176476432921
7.913731299014659e-2
0.2901116462764065
0.6071892221512641
0.9657453661511676
0.44841653455708863
0.22193340599984335
0.1752440588855303
0.18290384038160978
4.849716082896083e-3
0.7517987024327256
0.7626835759583462
0.5374122133573206
0.41567406801455176
0.3396034491797376
0.8808058870894705
0.591408146201391
scriptMetrop.hs: [extractTree] impossible
0.7944555176487761
0.25382600361029606
0.24400394314750173
0.7701765148113472
0.1925968362465601
0.8751983699087064
0.6765151780173974
0.6820526049124077
0.2785484598864033
2.889126307228873e-2
0.23944380214161354
0.15685830628273567
0.9036806951224648
0.36887342174256765
2.4164526328939173e-3
0.25050654732594013
0.7730794484908649
0.4592398923240403
0.8456974252395858
0.612140200644485
0.8035308018347415
0.8355623094495651
0.9657956333612624
0.132833133401984
0.3246750268848221
0.25543257481434434
0.8929540501958185
0.36375336947434367
0.7305562546164962
0.9904668517274989
0.7598565874918944
0.6280068782294127
0.7352184039463444
0.3136673381356835
0.9593092109585762
0.3969329107659111
0.4968286330284263
0.26995808792800957
0.8497926948348286
0.15534139712118267
0.7682345533453293
0.3000513454352792
0.6316551665896958
0.1035108376156536
0.19654399157968794
0.9825869333669136
0.3451044534819824
0.39411447213395323
0.10958302190944569
0.4587468762667256
0.9130046121591991
0.5782536134928317
0.4704323510538365
0.652080594815906
7.764669679244418e-2
0.5624988761734829
0.6643812587228392
0.40108445658499414
0.4034992949037669
0.37544366186897904
0.6277200006359022
0.9248225006790588
5.773772414826239e-3
0.5389543575198547
0.26581662150326235
0.3057986484945908
0.11236187292413413
0.6010680659860769
5.131570152619325e-2
0.6354110846795361
0.9733320087412535
0.3320428870361257
0.758226021143929
0.7076037836983681
0.6134694777664812
0.6365989244879448
0.9553011968084123
0.37849691715959943
7.939884086025695e-2
0.8721947756592315
0.4687349491500469
3.049353635323493e-2
0.34254930527452065
0.419887860001645
0.970050900104818
0.6699734676099384
0.3929438465760934
0.33293905915585886
0.48035023447565306
8.624934357121783e-2
0.8414984321699274
0.22034080820489488
7.236995536633317e-2
0.7174458669184859
0.5883080066873544
0.7995537619024068
0.6681947066090351
0.9112654801105865
0.4664340295477091
0.5640554128686505
0.7094961579813909
0.8211516714927648
0.9042379287521224
0.5215360860592356
8.857704410634903e-2
0.8139555233762582
0.17596373965835388
0.6245959335207495
0.1923734880276159
0.6810507847849937
0.11201331574174811
0.3782321298673422
0.6478374012638001
0.7274690434701302
0.761677545185557
0.6794560130882973
0.3208416936812849
0.6681927216629037
0.7186979723585375
0.8908353030774169
0.8018647648607972
0.942768239336561
0.8765963558816005
0.31166767018255725
0.17303384487672624
0.536832165572794
0.19879905387102392
6.184283990233974e-2
0.8470948238173012
0.9983443632475221
0.38139488253577103
0.7449412853862555
5.351286289750645e-2
0.15307481032677062
0.9970031975529702
0.6841286287496265
0.43961107683466316
0.9846224367965252
6.567428935500774e-3
0.7255544180362777
0.19575438735582062
0.7874419268630958
0.7797310717161824
0.40434397314965287
0.9416893793496074
0.540335338887315
0.6830885280983147
0.7935619735622442
0.9804728312700334
5.1938165081534815e-2
0.9518282087596662
0.28915361425918096
6.45072496417366e-2
0.9519571427472823
0.8056674746936855
0.8246707354915735
0.3466890716032708
0.6620243498697646
0.12026074395369923
0.15625528305147862
0.4116963913174384
0.4724038701346379
0.720633749779782
3.6174138129536515e-2
0.5083938713686215
0.34701153169188614
0.5161201125619234
0.8081564725207108
0.9920955890124455
0.5249150774393273
0.7833807393819824
0.7246840772828648
0.5564813381246437
0.23059103529448965
0.7805295030165854
0.9248731428088776
0.25690049259429426
0.6801335938313583
0.46648240601866153
0.429979704455865
0.9324187139224159
1.2334657415062567e-2
0.6025276267028526
0.13440373611785594
0.394149120447857
0.8866316059681606
0.14909823134224787
0.3840588505719843
0.5118805033915413
0.8833795789682485
0.8049877380585989
0.9268399406214242
0.9470970877560368
0.6446225464198193
0.4783273304152217
0.8341977539414344
0.16899811046771196
0.33031339359327816
4.546460789171325e-2
0.9706313562748795
0.8338881604355942
8.12758159880379e-2
0.8825834526720534
0.7328001078191894
0.13055173203432513
3.366583796693201e-2
0.9274303154681341
0.44683687433585784
0.6871645991647527
0.7170887053649863
0.18753912698952713
0.644421174920181
0.32296799399842413
0.5951450112257516
0.4288270825398369
0.8421501753135566
scriptMetrop.hs: [extractTree] impossible
0.2244170311641046
0.9997088691546293
0.5764388076998913
0.4412530821928059
0.6522690327288853
0.4081533511406751
9.193728619794272e-2
0.18612642917631306
0.427916594510506
0.23653990723288276
0.5526466192992828
0.8960539376712565
0.855476624525637
0.1266231256476925
0.18732976995131023
0.30108603260456046
0.8260205726507254
0.44710447210024984
0.11183105576872732
0.5896842621449302
0.7848168809059831
1.330210619495642e-2
0.5943335255005512
0.625781839252003
0.8170314100971429
0.5367256732428024
0.7362566368209341
0.22503728488704933
0.11291630463317548
0.8963779709714449
0.4385810005243157
0.3859862464391398
2.917020643534196e-2
0.47768850521885764
0.5003927929581667
0.8125360748569451
0.23237201953888398
0.492280148321493
0.5833643551212399
0.5164115429548796
0.5269989253979129
0.2905883390100522
0.34771949606898767
0.34598275093420516
0.31735167184096913
0.963506342144585
0.7316866474763243
0.6198786271199513
0.581263487625216
0.4251856134426254
0.7402969557793927
0.1823111294529346
0.797530949917782
0.506741760962297
0.7117410568471084
0.7463030479519793
4.754119101618148e-2
0.23709994652067656
0.5309238224215506
0.6139594106425009
0.5474652115484949
0.4173251450616634
6.97511091709252e-2
0.6778027351395167
5.332837276909108e-2
0.4734471482588952
0.622289673631632
0.9417273472717619
0.1385412458802847
0.24029031590783212
0.6240464399498452
0.8328050273201991
0.3869740168480992
0.7856339443909156
0.3647773797945749
0.34721964154321083
0.9516718474427209
0.31388180216918904
0.7527820618177982
0.14424842520721592
0.6342243424683484
6.191776815775818e-2
1.1456732536797687e-2
0.9579900847872863
0.5077733515559132
0.23780255248510274
0.7874827337810378
0.45663648184706795
0.3559730454306721
5.448289148168872e-2
0.7295766397737041
0.2967109847774231
0.9715344903433923
0.8814109402325764
0.3600940895417203
0.13886222298644368
0.41420293796205543
scriptMetrop.hs: [extractTree] impossible
0.9914121982764833
0.3122641353846095
0.9344303748447772
0.8965965426759742
0.15954690317043296
0.7949319465502652
0.7765867565975196
0.992284908997262
0.5337675484653667
0.19644031813131202
0.5578218193844898
0.8999897096900217
0.3865106541666773
0.5056740849700129
0.229230370738002
5.037995963460784e-2
0.5098685754555167
0.5062121154860227
0.8515491507459044
0.29471239202049626
0.30069878084840485
0.5156549359433581
0.23560655618894788
0.7736699739206648
0.29499153778971954
0.32552790604431425
0.9515528467177731
5.1199037555717086e-2
0.5283271159280977
0.8587182702801791
0.3617970237228366
0.11565145883343508
0.2559876551363468
0.5499559578540395
0.3388279311093273
0.6743874935067623
0.4704771237268134
0.36184949138661004
0.28354570218137976
2.649715634797878e-3
0.4549027469490895
0.7901943096489962
0.7541419548676173
0.33866112303776463
0.8565505252434197
0.6155222321544264
0.1718800980803502
2.0014118763605482e-2
0.6944163846375507
0.9628585548732226
0.7967269892569965
0.3601050557081821
9.793905376785339e-2
0.113788085413696
0.6061680392142733
0.8625823634415389
0.35604793967441417
0.7151321251910762
0.6015539854349367
0.43002074465582274
0.5297506517752401
0.2423802896545978
0.31595278212616595
0.8978069826085883
0.3110782067423482
0.8175004372238256
0.4171259237374757
0.6242653507050854
0.5724674965038273
0.983285131539185
0.9369189856760088
0.13662871228220397
0.12302980919712236
0.5617523529728331
0.683219285873326
0.2282822350009176
0.6689526866937247
0.20493865937782696
0.9181822806593377
0.6673442455393362
0.9567919334257283
6.795681841794277e-2
scriptMetrop.hs: [extractTree] impossible
0.3155161359349453
0.6056894113947416
0.5347456823204623
0.5378194957190766
0.8767327742273728
0.13205864909684129
0.8523588925427684
0.1483767218660782
0.8930488018613579
0.3151645882575905
0.15383767809626725
0.9409197696276274
5.870510491101888e-2
0.4387852343599449
0.4901541716926584
0.6707127921997703
0.7153857725407794
0.4311195566447944
0.5388084536033261
0.5564711757613426
0.3918557055568791
4.2950347426288116e-2
0.27288602264703343
0.4194521660634648
0.5462489571166577
0.5242802527528393
0.24675082498509038
0.27773773663946943
0.5515921871184822
0.4865037083797975
0.5087059805323909
0.3055249122751068
0.40778086783187695
0.1318324582180438
0.8633220710206401
0.6785003299903333
0.3166032595757974
3.995350671164577e-2
0.13972413719844512
0.6587993876136377
0.47648623233250953
0.32266610528163053
7.774083831796308e-2
0.42945680042291035
0.5963693153808941
0.46486805308380375
0.7896461040019632
0.7266531478493444
3.79520651956019e-2
7.941471873061945e-2
0.5359911234227072
0.5775048074456114
0.26060554787736556
0.68198259349912
0.5829215861829574
0.18434702924124358
0.9190952347006686
0.3984503108386671
4.097436768329932e-2
6.589821050444533e-2
0.17007440435448273
0.37884940710067216
0.900006815731636
0.9902222904068222
scriptMetrop.hs: [extractTree] impossible
0.6506295056697405
0.18475429993322845
0.4536064642844452
0.9197731831845212
6.747264259311014e-2
0.5487640385548355
0.4946623129353399
0.9645574577440971
0.19231161126721352
0.10032643821234599
0.6420861308658398
0.7100341488348222
0.3472191589159236
0.5802524898161902
0.28064420367389487
0.5981548896267298
0.5119700421323502
0.6398363621296786
0.4975140947585016
0.4061819851095313
0.29598696474908104
0.8905873846461073
8.381368561903002e-2
0.8591572583030226
0.702509189921206
2.625519806526222e-2
0.2687260018267693
0.7604164889358681
2.1102836202025688e-2
4.650627094874904e-2
0.12551349283099056
0.5128880806772195
0.23485610983849325
0.36883657654191826
0.5710275503332979
0.8680639322002824
0.8066200597452232
0.5799417378702113
0.31775213099841626
0.271917497604797
0.47226880812247896
0.2570374146109714
0.7750777927410571
0.3448166987170941
0.805401522522137
0.9853951015763237
0.5510165453483332
0.7831325501747662
0.681947879401393
4.8285678994294146e-2
0.6823706066039043
0.9291746458849756
scriptMetrop.hs: [extractTree] impossible
0.940755930808446
0.5128066069898433
0.7571591511794703
0.515774558822253
0.15264749848804227
0.16152541716638857
0.4204565818533029
0.7086344924239197
0.7958297966847597
0.8395068146929135
0.21299129614090762
0.47416673236159534
0.96293606910619
0.5898241135283472
0.8492331501318259
3.468431939984151e-2
0.9576098742962548
0.6711468181917201
0.6081898192555982
0.7550040266944021
0.9861624698003671
0.17254709088916587
0.8611144228985442
0.45755138988896904
0.6401487624950456
0.8870522792652805
0.21798124637798721
0.24233868118624458
0.7542101667677009
0.9092642998617545
7.735324614440009e-2
0.9805471522145851
0.22659425593223748
7.12815399643224e-2
0.777443544576155
0.8837436264970632
0.4706605683384909
0.24133958705611802
0.20009555958469838
0.2770425258691124
0.737151990525334
0.9311372875291802
0.4402850136824664
0.5495449885317935
0.12838361417531952
0.3058098599946347
0.43970318664158137
0.13902242173225743
0.5417022092074254
0.2435216922718838
0.6355431534113619
0.7968019662991174
0.10230784348378197
0.8831523909661895
0.2818189399234695
0.5080357527980658
0.733832840529118
0.3534627274394543
0.6140625171784048
0.4686685749470981
2.7698660464533842e-2
0.9840651677485978
0.3991226049596087
0.3077580668291876
0.5649514221100008
0.6799300886771605
0.2990460990942775
0.6552815351509195
0.6078244995718395
9.811286472089054e-2
0.4739438348196586
0.8862480167571557
0.695514752579388
0.834165926816783
0.29251153309039946
0.3117883782998113
0.22579700217032206
0.7824689823813321
0.1837107098521501
0.20226391757403495
0.5569387130684235
0.8097730009356497
0.1400949866769955
0.8147013899445504
0.3010015001442742
0.9969287873028893
0.1965793272876376
0.2774161445470661
0.787525012788726
0.7487950234621664
0.9630866706627493
0.22209964580827546
2.5088739935194337e-2
0.4778031753850517
0.17192813264361229
0.841499735084911
0.7152052052651753
scriptMetrop.hs: [extractTree] impossible
0.7426116698123638
0.323906158011955
0.9159382125643031
0.5123626638712785
0.8874778976282708
0.3518259670891123
0.34559528473284107
0.8481748813238831
0.581367794758029
4.02431787681623e-5
scriptMetrop.hs: [extractTree] impossible
0.15544726747106907
0.22811042036532292
0.1759939602977364
0.2418891748105646
0.3419895193134962
0.2080558415303705
0.3561072043561556
0.5667633027210203
0.15109587083207188
0.7013141192824724
0.2350309981174793
0.852775196752649
0.7521424803296625
0.7008113247395656
0.11370638829329505
0.4330636842914438
0.3264691186101819
0.7725943921341126
0.43370613111167466
0.2616987583874232
0.7108201096729122
5.204023470520924e-2
0.43365142997427897
0.7746315052602261
0.3415007571733101
0.28833959745934845
0.7196281498476663
0.7999900534063901
2.5135369492327864e-2
0.6199155509526536
0.3235750414189692
0.7656236485588347
0.8451261218877436
0.2166725377481823
0.6658426795432814
0.47642477603902955
0.6049975046512955
0.6346465329459298
0.1784747643283059
0.2548107245836987
0.15829241591278242
0.3795756425117526
0.4504001275788917
5.4452421607166346e-2
0.35380115629652076
0.6630385981221364
0.41672397268029926
0.35650856432940514
0.2714536210768844
0.7769077393509479
0.31093496763786754
8.312431513310659e-2
0.20205372332577587
0.2214420857973992
0.750336491236952
0.3981523838692861
7.50155865607639e-2
0.7165082354794642
0.335209146216762
5.933987708814692e-2
2.4776835474484726e-2
6.047585758364027e-2
5.711126791234655e-2
2.0086124867901733e-2
0.5632253022914023
0.33407662035791963
0.9156413287099673
0.7893780700102456
0.6858124691877928
0.5975261385817806
0.3470115709975089
0.7188740563503856
0.5120427113507565
0.7607054093620814
0.9009088299222189
0.28490395302013727
0.6007403610363581
0.32513605389233924
0.8153855508060414
0.6824617249266821
0.8825596837657105
0.4134107847331904
5.585430606878028e-2
0.5619037308255658
0.5987447848763182
0.4122371906642307
0.1457595562063264
0.2870009446508702
0.7051622304841011
1.9351199337498293e-2
0.2235011901665761
0.5403260014657131
0.9383011562526983
0.8512143026669247
0.3132137747149596
0.1236870747204798
0.7769094854665181
0.7540151092451545
5.4006283180661696e-2
0.10454660018872708
0.30843487232589617
0.7109783850894221
0.6961341222732039
0.5051669713553252
0.32852094742776894
0.8394085751633938
0.435692624004714
0.20108454170674317
0.4173336950404115
0.7749941058433719
0.11708849058211068
0.6748759722076577
0.361569929998126
0.4225351257374973
0.337962841892293
0.7436319202986003
0.41392714860793334
0.4079677407354684
0.593065981983448
0.8480079671898842
0.3038620726806188
0.3237296006556475
7.948233399686322e-2
0.550502468968899
0.33355022880821406
0.6312662036978626
0.11892357596553349
0.3239208556827692
0.8287580489758145
0.7706073565737807
0.7611253887711779
0.6131573226524819
4.9871209619941514e-2
0.6273446531901544
0.17147226479641053
0.13697726554394218
0.28119123098742616
0.4057187373013814
0.16616616248711014
0.11224379383242555
0.3813912627516157
0.22668621508328213
0.16281802156033331
0.9982291879327728
0.5406885015759227
0.7505838528352623
0.33987472450202205
0.5198535274083768
0.8649093019183575
0.9543413379537492
0.7309553241948165
0.9290724446616953
0.3111102157644873
0.5399000006719342
0.4347476582560984
0.13393399064345257
0.17255987262299433
0.18178931106373775
0.8315916909975295
0.1297670198622073
0.6794492260960886
0.7936405935631335
0.1477845190251036
9.47602401191775e-2
0.6358818049983849
0.4745639726473877
0.9515084744924956
0.18019323558059208
0.6813175431508053
0.7870310047863048
0.5888989090742619
0.27216657636288477
0.9272580849992017
4.127845123274798e-3
0.9777314979756565
0.6289122976549076
0.6491300656290123
0.49069492938445614
0.68552932829608
0.8888335375577011
0.9431007700749482
0.6355108772819443
0.2584216015893078
0.7848265318816211
0.798603310896335
0.562418398268007
0.4700725394169599
0.5529886009431569
0.29679990864691097
0.6274680725667902
0.3283564501681252
0.3783512711195608
0.15424978648740628
0.9843556424602199
0.9980399815663129
0.14529358645130042
0.9795209581590746
0.42372357526572146
0.2418071117049273
0.3070254439918426
9.667243740932308e-3
0.12615298449390278
0.19580856951834702
2.1850063125773755e-2
0.37448276450569884
0.1703038393190318
0.46588762797474426
0.914738205004414
0.5297356140215973
0.28134630493163637
0.1147028436727705
0.8901359809694448
0.15420438251813018
0.6825405995474713
4.1336917890806846e-2
0.8379655652955568
0.5136001677094463
0.20362471573252916
0.8820067871296707
0.29672339682545423
0.1784597250100911
0.9608466891633433
0.54811835924109
0.3836844720547793
0.48500859381320416
0.734062186805415
0.13391440388781362
0.10185253271035954
0.8232208100389978
0.5154459356079083
0.1961327757302137
0.2551170651983058
0.9087069090002359
0.6782953731371165
0.6063395795674514
0.9705575411352773
0.34871445381250943
0.7775574019004624
0.8820229689178799
0.5222087872933027
8.522620407484494e-2
0.5083307812709167
0.1587098975462894
0.8363018424449681
0.8614794297751466
0.6779899683859995
0.9835022690333882
0.7314341597264516
0.10037411043454048
0.2424839354755427
0.8404916721889034
0.22716961312508832
0.5745201095252318
0.3491197365720654
0.9540705070199093
0.847031786833235
0.1243966453263371
0.3541436187303947
7.38684699752824e-2
0.1043532470814369
0.9908288077382578
0.4390372397536354
8.085418382007636e-2
0.6991700064871441
0.12121054478062054
0.10242069396161246
0.16371924761830503
2.217260727906678e-2
0.43840936566397015
5.6288005756400916e-2
6.018042391599088e-3
0.2685253773525763
0.7784708757092672
0.9261203136241135
0.2768855049386437
0.3093853452553842
0.9036811838738054
0.5767604153259013
0.317241439530317
0.6267435163594633
0.9638126020491687
0.43783927051090055
0.8169992198967216
0.1234054319687935
0.18518026514327623
0.9789718686719809
0.690881990704855
0.6886329720276453
0.7926789359085006
0.7495225594863143
0.5124225560396863
0.5037720264977185
0.6527943599354388
0.10612173580330986
9.799780592116691e-2
0.40685433718896447
0.8429414988303733
0.43610072016846846
0.7022687378092188
0.18863153637035335
0.9383619376584932
0.9678336349296511
0.7962428139738319
0.661059908560525
0.5437499512315843
0.6089993774023711
0.539433345875764
0.5542532846519771
0.2758091743055743
0.6610175893537124
0.12104884555382844
0.20310313506203725
0.6430584672765888
0.410864704733341
0.638776107217995
0.9692824913666759
0.8552718603687529
0.7285181881067336
0.6844695682986645
9.95914476930918e-2
0.9510796400281528
0.8117654094556154
0.5199872401209403
0.40067642448496776
0.10449405887923613
0.3234081380463728
0.5981555685156833
0.9361017612285006
0.36486356498844186
0.5777393206358653
0.7682183044783534
1.6480288209038574e-2
8.325040906740966e-2
8.680739535754045e-2
0.5421159041052531
0.6459564811391184
5.924607460371123e-2
0.7796387780556481
0.3117766101885554
0.7676587467118275
0.9318233079327755
0.4671713005792856
0.8330486461181653
0.1746189191611115
8.606437983324289e-2
scriptMetrop.hs: [extractTree] impossible
0.8484759889287009
6.889501280413646e-2
0.39492366456451256
0.39851880292651
0.9811238825737344
0.12508735990923647
0.15398145333431368
0.5901054175774646
0.4009668822635003
0.3595931595384546
7.551388951101623e-2
0.7173315798304042
0.8187617057581206
0.5860838749012948
0.2600418060949684
0.2505592763801835
0.22447087298565493
0.6162246813442834
0.36226354065165
0.614966174412282
0.549642170782166
0.37831679987758593
0.922662953494981
0.8445450881079034
0.48423012633877394
0.6686645242625379
0.6208901323424544
0.6229037679624697
0.439463997846656
0.31361199030266407
0.3545523384088066
0.8690338053138426
0.13077585219942367
0.7487377797303533
4.3883811060052014e-2
0.3139153636763262
0.2737261137320378
0.813133198381765
0.6323356807161792
6.88909928821212e-2
0.9528437732499219
0.36417207774244453
0.17200888383805102
0.7224692059219017
0.23952115425849685
0.11327332729045325
0.9781535821901391
0.6590532515250306
0.5548373513575834
scriptMetrop.hs: [extractTree] impossible
7.25972671572176e-2
0.5164824847132964
0.8405363335333466
0.4626269605478198
0.981485779901622
0.9742525122767437
0.5462117872489706
0.4914153959857962
0.726833102604964
0.7381653179476432
0.9886420466434888
0.2700101185952454
0.34086156506865606
8.628951029803733e-2
0.9818682854270381
scriptMetrop.hs: [extractTree] impossible
0.8943486897538347
0.7456599818238198
0.1623225945669443
0.9144065092485759
0.3972284948937407
0.8061458285670514
0.30631521057584876
0.3750880656979828
0.9213453116126679
0.745291450320711
0.16121671103133484
0.18937557724417886
0.38994612938140916
1.961683147086346e-2
8.94338243121825e-2
0.31161074399717237
0.5328825659344322
0.7915868635991984
0.34188129095582254
0.639597563694929
0.894293446088131
5.96320298923706e-2
0.3940720124689828
0.23080807268972714
scriptMetrop.hs: [extractTree] impossible
0.7496426333077678
9.956346981262143e-2
0.33942335675327173
0.16754851495747036
0.5680586024479405
0.9479284945059222
0.686783619005621
0.6474363255730388
6.751247680125361e-3
0.5874841689951856
0.7909414433625853
0.6742071961990502
2.9176577779626567e-2
0.8246897211372907
0.41278259283590046
0.40154212144004997
0.6907166590113082
0.965461689488648
scriptMetrop.hs: [extractTree] impossible
0.9020466513811555
0.8292190030906749
7.77770992052692e-2
0.13290637318622178
0.2722558747350595
0.521607078608728
0.2510090195195379
0.21014371190936754
0.9929602154132898
0.7901812933063957
0.5410728252320111
0.9062793135990975
0.3092711684016388
0.699492025382196
4.351770347375983e-2
0.3649499508924986
0.5287043195283342
scriptMetrop.hs: [extractTree] impossible
0.4494073975507461
0.2865518828997645
0.9971568822964522
0.7064373311923534
3.2678433952836317e-3
0.1565039367309523
0.5608604571095427
0.5067470298775588
0.9605348969661406
0.252158195168659
0.16365388158924488
0.715767833683154
0.7514609814668739
0.7526988736577646
0.8143955118670502
1.9052483651677e-3
0.829279743197055
3.455556741654442e-2
0.15496144311048676
0.21058345838964032
scriptMetrop.hs: [extractTree] impossible
0.5964650561843373
0.8400067541901693
0.950016373332098
0.11410352451242345
0.22636543112959429
0.1540681887750609
0.5233675552009734
0.9182916344511548
scriptMetrop.hs: [extractTree] impossible
0.9110190385135263
0.8388350644988111
0.5014608509257069
0.6401826004494965
0.4609736387079396
0.2917804689202602
0.9663361080958585
0.3703777125171238
0.5973371813354224
0.5609048036643108
0.26373544435200447
0.7208993144493413
0.7680495387108769
0.5149575975979422
0.6841982441136726
0.17012531311221946
0.8093731468154653
8.90769539743953e-2
0.47491387573773036
0.8830300604903617
0.30846134942670533
0.3188829249904125
0.30393021762672123
0.481609496595102
0.7709184836217219
0.28817147846858615
0.4688741409024285
0.6727330580469636
0.9492979875317703
0.33459698926461046
0.1843616017503501
0.10973410333210631
0.36102506889314967
0.7316280501765814
0.2131073703173968
0.6916979342027466
0.22970159040180838
0.5209966272194303
0.9555466455365303
0.6447602965762823
0.21928244477694248
0.2516493522133424
0.4513959007520144
0.15507773367661504
0.24017661051592232
0.32490259981970604
4.053729984578214e-2
0.7502662074305965
0.39741664891459016
0.695106678898555
0.3169523847372545
0.6557360662609274
0.8518616069140511
0.11126933101437919
0.5894131142604849
0.6157284397267996
0.8634028517261226
0.5344337123611972
0.7679445403245618
0.6767266193506797
0.16680813654476634
0.24014639540949412
scriptMetrop.hs: [extractTree] impossible
0.22517697823089577
0.11010595088644981
0.9603721591120736
0.3686337258382334
0.926073984797816
0.3517816573867857
0.741402436315265
0.8548961043177142
0.8989259396794546
0.9394702924969182
9.479553035682342e-2
0.25095021091734326
0.5509356454094773
0.17670184611633244
0.5439111963116249
0.4058763349290265
0.16174627040041256
0.6245587291862659
0.19707604229094644
0.13355309533747184
0.9653971457528988
0.9796669178614709
0.22717177199788818
0.44030876715468736
0.26170853434818964
0.1471910475114916
0.7402056600053285
0.35305684182192565
5.804910328560342e-3
0.580369437895674
0.6332633290622821
9.213773490775112e-2
0.4922706978993888
0.2569974911907339
0.3358299883341823
7.543215819835303e-3
0.4047928405117095
0.36839061123135386
0.8236951847496382
0.6209157966728099
0.3125647091768161
0.6421282373057834
0.6600148014646418
0.6463577851805699
0.39359776647552824
0.8327060574017876
0.4858638417824924
0.2712312131444824
0.8358610401701335
0.9071349574674007
0.26296440459279824
0.886614969519763
0.2254937780141114
0.2222428279079317
0.5167295787591698
0.4101550981153633
0.8473734402907885
0.1565194179186823
0.9056280798302562
0.33048110206418746
0.14266696809396062
4.162122976517335e-2
0.8733566845726858
7.323926403481784e-3
0.9241119837819779
0.7365937189860902
0.8541763700828989
0.6424948486545577
0.5019280121795401
0.5862645168183872
0.8039396494304661
0.9434795695132908
0.10494930832887339
0.38152923366835945
0.1280723166130472
0.7216869696489631
0.6828876784565833
0.9241070583844343
0.7028482433770736
4.106703867071793e-3
0.26070319772239847
0.8018931365414029
0.49759722867674727
0.6622936957821578
0.15956561510850575
0.6956134865713673
0.15018181743745262
0.2634473879886904
0.7145159291346846
0.27349845914969506
0.3204081351761373
0.8700069556418052
0.1533752023806082
0.21426985847643298
5.162780323328364e-2
0.7293418030096676
6.558726828396533e-3
0.38072455185882237
0.19581302641770726
5.63511445894288e-2
0.31268147614533615
0.865070469110239
0.24353385345225254
0.8393202638762377
0.11216944911779347
0.5663210493587801
0.8767854207895122
0.377433100304298
0.9625072036210204
0.11399238278158197
0.9179253653196265
0.45029753970691944
0.9709812296119259
0.4654604875120011
0.9667555004704359
0.6305680322866803
7.494165450356272e-2
0.33738554694758227
4.233515613510275e-2
0.5475581010437606
0.6798659006411806
0.9531758079851999
0.6589055061638162
0.26949090876257353
0.2483789749481614
0.6450868673824471
0.8768500391538031
0.5182703835748003
0.4402918871262177
0.4876305056598861
0.5931065081623562
7.822709492058e-2
0.4652830255271002
0.761202782754561
0.3163121171863327
2.4334514433851928e-2
0.16103316319174155
4.957950605968342e-2
0.44247650310204
0.5016001297751217
0.6831309996919636
0.24943442130755822
5.597343877841354e-2
0.3062864386498244
0.49316323865863676
0.6905230477554606
0.9056053847024957
0.36540841413566894
3.8933386090454714e-2
0.8482630053135912
0.8707715684586675
scriptMetrop.hs: [extractTree] impossible
0.21096536507199615
8.812967936755112e-2
1.85336809646911e-2
0.6548353200905915
0.9211949252986281
0.3697049978070087
0.43053296491136084
0.7503082446259463
0.6255996663519688
0.8161788804159712
0.2977205555898109
0.6962780510852397
0.6220771626909415
9.978620339472843e-2
0.914929233739974
0.516705668214139
0.22540207851231286
0.6006616159029027
0.9447552557227784
0.508593473270566
0.3940049288879247
0.20779828710578274
0.7121202721115508
0.9717193220343511
0.4530815999137433
0.3166700016912064
0.4955399404190227
0.9019205812806709
4.683053151145811e-3
0.4679250550315147
0.3545257755635659
0.5446686458412261
0.39367701577941105
0.996580715350199
0.9609114828627302
0.23977948017370532
0.8384692737599767
0.31862030259802754
0.7729141176328981
0.13217733098676765
0.7865953544597767
0.3523889225202933
9.689748055131175e-2
scriptMetrop.hs: [extractTree] impossible
0.30235447420923645
0.5255659407863308
0.26905817910064267
0.8788912903600014
0.26586931561200056
0.9847944927247904
0.4587551404261113
0.7391063606275706
0.6079701852777472
0.6223669757237501
0.36505151863619656
0.9550742125161927
0.8907219039937254
0.7494909148565464
5.751236024465245e-2
0.421162110813868
0.5791555100847298
9.07408269709834e-2
0.3867331575041154
0.8301905792438004
0.5551072278942134
0.29829533791428997
0.38403311536650186
0.6713198153425005
0.3709936621434319
1.0886262223699261e-2
9.981318545369988e-3
0.8368951206405112
0.7352911156676057
0.7836874248033318
0.7325267631648801
1.6404835878821467e-2
0.6850597968823767
0.7696576889325554
0.18340997380589463
0.9450124354857729
0.1832184460317442
9.248116085200586e-2
0.41769940395341887
0.10983752723268114
0.619147062112119
0.19955288570515595
0.36561526735443406
0.9701618801196165
0.8263165629072181
3.7141658826813306e-2
0.2752398660487837
0.42492186344697036
0.278165965017353
0.40686367923352795
0.9764893473060862
0.7689279262890306
0.6774989427429859
0.7461135019512745
0.4745487198544368
2.937167079669034e-2
0.699533900990921
0.6690979139127416
0.7666088810914867
0.8506946715655678
0.6562693142877979
0.1649911891750241
0.933825922518344
0.6914312258566276
0.35010793730444634
0.8541102594466364
0.9562641123926104
0.49342198191890774
0.7758797475108669
0.8798559135290064
0.7577007334616773
0.9210322857591492
0.5519608432418693
0.4649234970831927
0.7466776919118608
0.5993629771315182
0.4906214858730512
0.29088855488494325
2.0671317758983343e-2
0.8229772746369369
0.8826582635622907
0.7531781032198342
0.3092956786783464
0.21945030497869633
0.853946271309208
0.1539316157142171
0.7239396022521422
0.5964502954114189
0.16150117973171862
scriptMetrop.hs: [extractTree] impossible
0.4801495645055388
0.22266805867583195
0.9767190300540746
0.10911952693190197
0.2026121386089793
0.22593400323067858
0.6236357325779746
0.24928555249337536
0.7271361075540964
0.791620695337509
0.18507810930821333
0.7816926760730675
0.571892985515594
0.863278379306149
0.2700178780669643
0.3671568237722135
0.22038666034152954
0.8368307810057493
0.5225863752638834
0.378340566059188
0.1448758154940829
9.893243598322365e-2
0.6079097370513985
0.37712965665925247
0.3067791323932184
0.49117051961313074
0.8114519618112425
6.366753740717368e-2
0.6930276237834777
0.3288960267651252
0.3523695658886302
0.2822537559035371
0.8390520053675633
0.8429189648410499
0.8716000717834133
0.48609938125184493
0.1172400449479355
0.726052195404877
0.4976103555890311
0.9299549381092175
0.7251631556044634
0.2720248734684275
0.11502248704691087
0.8097073284594712
0.600066155808315
0.25489709688731554
0.5924421683039306
0.9864901596994925
0.6568652478097402
0.9749350014756181
5.208255768892278e-3
0.2058927918046306
0.22710253801660685
0.9387427405426404
0.4273884341717248
0.3349727477959964
0.6668956806571432
0.13808835970782474
0.9060888952095044
2.2032215158684143e-2
0.424107117247185
0.5921317405567544
0.37672904162168475
0.5508229986576242
0.25694964520837515
0.2630560032476893
0.347933190642968
0.24930638579241837
0.951819540450448
0.511062434204726
0.4313703283975959
0.10985189967679931
2.2936063174271437e-3
6.825383664253482e-2
0.16852418847316952
0.8841824041933518
0.9047949515911217
1.1402984986972675e-2
0.8758472045429412
0.4320628551874325
2.356410718453661e-2
0.7502677250170476
0.9145850234653033
0.4738434157220436
0.8953272028712403
0.47308761373645625
0.30173320988537056
0.621457938378572
0.788466836725156
0.866940046437947
0.754887590086394
0.22463405354301302
0.6364846380797818
0.8339748844295546
0.49061929108521285
0.4909845787969028
9.786738938889028e-2
0.5161015033744704
0.7492296332407457
0.45148739304269025
0.5731338845930724
5.462900811904714e-2
0.9844898081607888
0.7724001353578119
0.8646354206592909
0.7604067690535491
0.6030422580930156
0.12802602907159344
0.7413306772153047
0.34453188809612956
0.10888948135003862
0.4832551407433011
0.47653070650440676
0.2829080123090103
0.9320687305886356
0.26642578434753783
0.6047198941226749
0.5808864122129539
0.4671250702862463
0.3533848668399494
0.6230009272456819
0.4932937221998518
scriptMetrop.hs: [extractTree] impossible
0.109509424157061
0.7089593475278863
0.6798138881585659
0.2183538432112998
0.4700681802776562
scriptMetrop.hs: [extractTree] impossible
0.47161864085768357
0.8824916822816601
0.478644586303122
2.7431577500706683e-2
0.6888302280542334
0.7139286028411597
0.5088709385743934
3.0788737845196867e-2
0.2370591366234206
0.7025645887088033
0.22534024196821723
0.8942762600147142
scriptMetrop.hs: [extractTree] impossible
0.28087972634274594
0.2976446223425585
0.5520568886045562
0.5096941263972693
0.4298717721846147
0.5144573816209318
7.639554201931076e-3
0.8769360129547411
0.3558468586233462
0.9057662469832942
0.6548012446410386
0.12553516600733083
0.44248390091039835
0.7015275055070717
0.7710979124596701
5.178207712701799e-2
0.45328303029447026
0.4178803948275772
0.43568964964211465
0.2670905233461077
0.789352856267653
8.409762987676594e-3
0.33162364226068564
0.11484934535996472
0.34321083805711583
0.29041996801374703
0.4801265856008482
0.717738451196367
0.9067958779708817
0.3474586381410377
0.4973124709830322
0.5330634297603146
0.4239415794442888
0.5792612135758971
0.7273282957402595
0.40386895105022924
0.6686884917759423
0.49403336001713105
0.19757887101488614
0.7736291845854472
0.9575402744846288
0.8039163988655468
0.8997174204307373
0.566532400438479
0.4518258214523899
0.2713532350213471
0.9734429554598961
0.6389364403530439
9.705906122630348e-2
0.9845028037369868
0.692391836864389
0.7438289319560322
0.4571657867468871
0.29983926333943234
0.7774885875268841
0.7995895014245639
0.3532808066436247
0.16367803623200017
0.6939578415384943
0.8472955842159963
0.6815191890997335
0.4823324124983511
0.5190816991042094
0.6894311461775658
8.861665404889763e-2
0.1464719901263235
0.9014149503948138
0.3711607792891286
0.41882843266291025
0.3450181857406348
0.7866562459236709
0.4801299251716299
4.3690022306576926e-2
scriptMetrop.hs: [extractTree] impossible
0.7198371533658822
0.7735716334289501
0.7162130728503519
0.8796354665714331
0.7355126328487042
0.9531721071153457
0.6113781943960527
0.9763865639953669
0.5112317746709482
0.5692554891875928
0.6117681403307226
1.2674521104929837e-2
0.6629701324830265
0.3373270362031012
0.7976096363174022
0.10414306702124365
0.276494126349654
0.7207359358312632
0.8934084769716512
0.24766248787842138
0.7485882011730195
0.5440783163821504
0.7939213883077375
0.7047767177906993
0.24866202371385937
0.5070404922131265
0.49101581184611354
0.7702228539719126
0.13656569422897646
0.7415880030516558
0.8971556186778448
0.95031809587251
0.5241095867150579
7.840942423659547e-2
0.9746033403743374
0.3581197517861453
0.5885042128254904
0.9106547125612922
0.570019882195893
8.511602695469234e-2
0.8238447701388326
0.421084582521119
2.5646180940393948e-2
0.36486217067275073
0.9495031804359179
0.4456635560531673
0.22985617580429463
0.43623182298990393
0.8186845166864011
0.27458930465903275
0.8454035125838223
0.8154527237345465
0.7751250117181924
0.395357353966174
0.650866846199864
0.18568778413205134
0.2013877324138399
1.9139761827499102e-3
0.9316343261769727
0.14600520395343664
0.7552262403879458
1.8360314267579114e-2
0.8375270418227653
0.7052172955694406
0.7771602942122077
6.273153620866434e-2
0.31204926465925
0.9370570029599757
0.9502958318085345
0.17652504492879062
0.7724819925017395
0.27202155784780213
0.5787451763425165
0.5907834446432648
0.6294624434908199
0.9915964097473396
0.20483999195229352
0.5049968417998593
0.45815961003537675
0.6844621081398764
6.1503536571506534e-2
scriptMetrop.hs: [extractTree] impossible
0.24335010440165916
0.7158240830475101
2.7847555301804383e-2
0.12405221876111028
0.738966967397008
0.48535044297088803
0.14486005502729993
6.005867333709014e-2
0.7919711571079163
0.6619188207300285
0.8122207107374227
0.3749556034906193
0.43842525752306705
0.1990811923318171
0.7473293928640631
0.6612850838061551
0.5435899511875987
0.8864576446258453
0.44872853806287616
0.16568545766366072
0.4213676746093832
0.5161199873470871
0.20619948815100975
0.6638931953078812
0.21031093488374164
0.21265360658444166
0.6181471274391587
0.23530536076892938
0.787028353463798
0.750796943321926
0.9112217987819152
0.6375459182920259
0.9084428475150338
0.29424261202115265
0.16939494581877257
0.6702420982400398
0.4297900474380417
0.19261091601780522
2.9915767014166983e-3
0.34373754241007426
0.11772457164346595
0.7786920077977023
0.9203859577504269
0.5981238166513877
0.3590891314387411
0.40443964378995634
0.22580294653743815
0.8399465127038327
0.5253706869462155
8.30525235309365e-3
0.5928558350413563
0.7647168178627969
1.8982803841057216e-2
0.19587845082652955
0.28328101678177464
0.3299344079697236
4.26609335792113e-2
0.3843680136048503
0.5954291106500521
0.447033651483257
0.5231022556680688
9.799380358141685e-2
0.29786833412407476
3.913797029602273e-2
0.5081568486991476
0.6595104263734092
0.9135415918477706
8.620175968224297e-2
0.47159639074054815
0.7428807348134586
0.5831045685890551
0.679656205083153
0.7519694085880516
0.10604432509095008
0.2521645512658791
0.1857852400731247
0.8847433883698458
scriptMetrop.hs: [extractTree] impossible
0.6484013968217847
0.2562329425040738
0.40130097307939405
0.8511037105120526
0.7781974480294526
0.5700253664892673
5.1307409655909075e-2
0.754224607772611
0.315320337572096
0.5780122029143749
0.6366825187880697
0.2471847019289949
6.75182917509024e-2
0.8552035608591272
0.4725773434038697
0.5004180394929788
0.10843357288253108
0.35004458713014486
0.7858630417547307
0.8505364932682199
0.7210570573198104
0.7794516371370727
0.3323929420681607
8.745690258554106e-2
0.31165249800380856
0.85741798986862
0.9581614255611329
0.6696275368603418
2.984296847316059e-2
6.384539171049197e-3
0.1715500267570419
0.27237386899956395
0.36889079403724623
0.37319531309975307
0.37582394463559254
0.12510004753288195
3.2560243958221435e-2
1.6146035032496342e-2
0.6007068918393735
0.46075776040217564
0.6984939239174724
0.7874098818599843
0.2638436023504239
0.3390425857221132
0.9816117309185938
0.7572761967837934
0.5370638570786902
0.2836732856841159
0.5303490138514672
0.3573471761174606
0.5402983211037532
0.4476403901245497
2.3964035538838746e-2
0.5014452251444065
6.659382549933268e-2
0.6024304995132249
0.1278109660659158
0.22576989263115432
0.7594323183729664
0.3312457995025412
0.7740593653122058
7.596710923916228e-3
0.9190703992968053
0.6934842820280108
0.7173302373151823
0.7402315220973333
0.5334620471351158
0.12114088413631563
0.7995587399483565
2.914608429170451e-2
0.46172254025938975
0.7908974917546531
0.796415390335031
0.6047963343972712
0.10479415780620471
0.8357846800107501
0.4115799102673673
0.6510430293635793
0.45685201235801964
0.6851563972778315
2.2660799821867417e-2
0.5787235796011004
0.6211295483942715
0.8740248796033191
0.41091858097809475
0.107876665731658
0.9566414609044406
0.5307299431095741
0.25616981904634584
0.5280404505949813
0.2067984012780949
0.950864428431711
0.4339295408631042
0.21450493158950124
0.9057667443467318
0.6470025187840324
0.410663505578004
0.4768017253254174
0.9176975657940866
0.6668287034869963
0.7857362768956758
0.19748071808625356
0.9564722843067045
0.12207962920818904
5.43368013198805e-2
0.23057967185345085
0.623665125902228
0.7186737014383723
0.6507905312502927
0.23424276271072608
0.886479836730821
0.23038342945580326
5.7513515179484664e-2
0.3664825297494957
0.8034530694295944
0.5427389143448024
0.4379903811960809
0.2736038300409057
0.2121410634836366
0.7921110615231975
0.9189822241482667
0.3569282847776133
3.656771498386624e-2
0.151898211588528
0.6749385879145077
0.9023542477666483
0.6977494732626873
0.8965965786141502
0.7380399955397811
0.6620348234527188
0.391518239789154
0.9929575967521592
0.7761565423653097
0.6220809061838309
0.1939627963059497
0.19399626947776627
0.9917815749443145
0.8831614030704006
0.27048387617398884
0.12038324356194707
0.2731070540408168
0.7878287006805335
0.5108981154989475
0.24961147128892403
0.9463548206555997
0.1078469588535883
0.8197972293907324
0.3138165074054998
0.2378474277048216
0.8634916429499976
0.7260183333963081
0.37526776251427696
0.7109740435788962
0.4874514700311233
0.4658521247521038
0.7745304876588371
0.5129131492268167
0.5317333143262791
0.5016214592863472
0.26198237795051404
0.44813586086931856
0.7458772977124021
0.2670302770383747
0.3177932289136932
0.23944547468031374
0.9029653060567463
0.7090921386820109
0.8381055868238313
0.8811277570033703
0.19708743678801965
0.3307421183236
3.1124080055341286e-2
0.8252320723663266
0.34655787518211933
0.6904051806190347
0.6070484283869481
0.2875731433710528
9.97872259289464e-2
0.16349954697399716
0.7499161186652242
0.9870130333698347
0.8989175102498154
0.7167937650405455
0.3135817357550007
0.608387711856364
8.900898653891798e-2
0.5956518707903348
0.14308649135128404
0.38127009045603877
0.8969602216385347
0.5954857720044616
0.9032544832268233
0.7568209131836449
0.41694303575337754
0.3630985853339225
0.52280815159986
0.5817007956507257
0.851463557340235
0.25365859152538894
0.21583093379387985
0.6837042168008326
0.8944245571548458
0.4424328440055326
0.5969199505619002
0.5879579411577663
0.3758752401198938
0.2566366442412432
0.3594270095215021
0.966320343482712
0.10957265490177492
0.5132815866844082
0.7014407123704799
0.5640773524631183
0.997833629919138
0.3705396692271513
0.899037000140667
0.8302990568124965
0.8888493152261131
0.5807953625497947
0.5820194698196378
0.4271282472593664
0.8267355493456753
1.2075374149515095e-2
0.9617342400492176
0.183240449555771
0.9503706497238779
0.5189917997605232
0.851866597912082
0.4564766709608271
0.7956393336679358
0.49414339548436137
0.7936653102936427
0.6319022223741425
0.19399391983794623
0.22290105181735564
0.6600057300617445
0.6817551694681273
0.8600312820737105
0.756213777316232
0.7648082646944626
0.8419371156812293
0.993853848961263
0.13998598912738236
0.5404099157912462
0.545861313372478
0.5002389894393314
0.6576186687449209
0.7614381841767003
0.9542308128747387
0.7215569089873838
0.4864251099207689
0.6851557538563536
0.8744703756245807
0.5279057917921269
9.079847972207922e-2
0.9825595905339247
0.38177725531761675
0.3953176641828532
0.9637299535260327
0.9737802714641922
0.8287833250620545
0.6440683585935326
0.9008589254492031
0.38497745910252645
4.4200468302670104e-2
6.434435240143077e-2
0.5471292904312025
0.3067946496320778
0.7092125901052754
0.7993167244351075
0.3376318284176226
2.3722848297238586e-2
7.537466067759213e-2
scriptMetrop.hs: [extractTree] impossible
0.1791695596961257
0.20521485739335998
7.769429061926669e-2
0.26291459932529915
0.37637421985333763
0.7451474240036021
0.8847438197554133
0.21452466983623608
0.9779379910952378
0.605766181169256
0.2584286524277556
0.9919280218665921
0.13358375469378914
0.861628866870605
3.2301941808393075e-2
0.9774878352949591
0.8402342935327284
0.8970927306872271
0.7292805084640911
0.6536655023467991
5.060152507363236e-2
0.9755168239260902
0.4649113863294835
0.5103646268183554
0.35993178059047903
0.2803344817715908
0.5284556614667303
0.8420175524720558
0.9914917301799068
0.26569966833993763
0.47900457515515427
0.5060765479137558
0.5765398997996233
0.899622695707255
0.9926989779609824
0.8189576993972277
0.16417745376906
0.7308938610158665
0.5990117734175658
0.34004895524689494
0.9352879004927467
5.78043553085289e-2
0.8159845359787156
0.6027124559956117
7.977561245531894e-2
9.71630935031168e-2
0.7385801367992874
0.5152498056968765
1.6241711438173323e-2
0.46615297568556147
6.87663834446216e-2
0.8867055362882664
0.9319070892654403
0.794227295006816
0.3525032692930211
0.3202743660737587
0.7603171970998738
0.45094300590814973
0.422371686297245
0.2925653621569374
0.2616981018964025
0.5364075071543887
0.3236919682065563
0.3078081864081378
0.5806707534792389
0.13647430198626231
0.670550318058241
0.7167966773095452
0.7502375806082281
0.7314955993400812
0.9972445306899805
0.7588170603478167
0.8383998270047014
0.41964980927483453
1.8059213108764238e-3
0.9525914927874081
0.1673758108925173
0.433050004139916
0.3325071592991161
3.672155979285063e-2
0.13780609250197073
0.7749223715889254
3.0968133059261826e-2
0.12415871929236688
0.17028637744021402
0.17586261979638407
0.6396687031021503
0.8639326006214937
0.9238407280528328
0.6126788782313782
0.9955575773441753
0.4223911481086903
0.604608685215903
0.348431251337178
0.8688493834136445
0.7402067805324287
0.17674582220249502
0.43966994612649846
0.6645380707966299
0.9076385915129784
0.23326630025248096
0.1633509088025319
0.3897515355536937
0.10999291590591664
0.9808962876260859
0.8923133261181445
1.9996991127307573e-2
0.6612556310109156
0.8042623610842924
0.6600684219971872
0.9128009271390277
0.8754543267149247
0.8682908922394118
0.2817514165765168
0.7230139410171482
0.8065359371232043
0.4855337443576325
0.8230441358281461
0.15871923078601002
0.8974497977674459
0.48949684903691526
0.446076024098052
0.44114628030436076
0.7194595642025542
0.9613856967429119
5.153067302275571e-2
0.9491338136199144
5.279832717218802e-2
0.2083177832456623
0.48699015740802876
0.24462259540633335
0.8757187726610159
0.8315622474794137
7.886422520965952e-2
0.47546989708346843
0.3945500201534001
4.499274406641762e-2
6.411263295927772e-2
0.6884864037339969
0.28155701323097093
0.282710506162951
0.4668484928287703
0.42827409073922984
0.4522185014040544
4.787941206781832e-3
0.5623449787169376
0.25388538004526773
0.877328328864775
4.9225058334723015e-2
0.41731958750459797
0.6511320736556744
0.3272710887908189
0.6538209990986786
0.59461655432206
0.19072458449958052
0.9581820342496427
0.4194640372405375
0.8533909836113233
0.2832960730339681
0.14183252492890575
0.1468807860013347
0.826763350545277
0.383309252528126
0.22088883506623602
2.939846858353412e-2
0.7936014923544584
0.6544504027171146
0.6373158960326674
0.691433808372173
0.44922792564257097
0.19176269057706363
4.515523105839281e-2
0.418604049265355
0.9944524777871858
0.1102079284586418
0.5937778023795758
0.7972438353585968
0.3250483043309548
0.40596329152203825
0.21158551255437852
0.21579674079721023
0.700824448188656
0.6686336729251875
0.4635486584745986
0.12109630273250749
0.40142241141066404
0.3466652118217056
0.7919939722063399
6.502325032505996e-2
8.048118444743302e-2
0.8612499999043101
0.1657142692764294
0.4006570896010705
0.5895751060227984
0.16920069665082293
0.10024215736300712
0.3165901392091771
0.29608964801218496
0.7198943861164656
0.3261168955868633
0.5600965489506294
0.9409600570599209
0.7827897825848155
1.3093603941838894e-2
0.787972910229421
0.7747770328453328
0.3330007700168406
0.10439128310689438
0.6517070495647456
0.35706238254668754
0.10777100226798464
0.8445784375756141
0.7183238972897091
0.9735133454088666
5.102843013799607e-2
0.8619224235634099
0.8648629721923254
0.501259973932389
0.6421704146755219
0.6209444052102718
0.5125133305502932
0.46883632420422894
0.5257381553078054
0.39145051426646493
0.7407474717038064
0.7641109739372222
0.34221752404023353
0.7158988773614773
0.4730157925828128
0.9298602669536024
7.923240056320757e-2
0.3936925583180725
7.845950486983144e-2
0.11092223860833605
0.6538623093346118
0.676812296543469
0.8674202335969204
0.3709703503372307
0.8710588605958606
0.516103743570146
0.8472161366250032
0.39696809000584066
0.4653092925301542
0.5241212206728748
0.4718806617743124
0.28257610798945143
0.5869040284932333
0.7887850430992297
0.8770043166158684
0.8356203520997533
0.7485486435576464
0.6860298028144579
8.079699888300718e-2
0.2943817115902999
0.37343176898782604
0.962021113613981
scriptMetrop.hs: [extractTree] impossible
8.783733556587714e-2
0.24683685277047596
0.9150114083555801
0.23980176409324117
0.9365026703640503
0.20281601963705842
0.1641786835571789
0.13920919460289538
0.7439735851999151
1.762259042948766e-2
0.14909440151632458
0.5577998664359763
0.42916804223895666
2.7522263556758575e-2
0.3141633147059443
0.7407902977788233
0.3470284878039459
0.8182397351767233
0.16800022178502705
0.5434569491659459
scriptMetrop.hs: [extractTree] impossible
0.8644680748406305
3.3773457685831176e-2
0.11377997574471899
0.8051974359086375
0.9793408710012471
0.5127318876129557
0.6555333333755545
0.99912235048791
0.7342365744795626
0.7175078762663912
0.1937630227175614
5.556124866085255e-3
0.5106467807513392
0.6494840930108389
0.5720247053721
0.5267019755788919
0.2625151296000797
0.3863862331178839
0.5195148281898082
0.9939646870238187
0.9152077819350369
0.8723288778197927
0.8716808962158235
0.9923045877648907
0.9652545221882282
0.44889535949138704
0.6104362804399331
0.25695557580814066
0.6046112825922821
0.3287888075327422
0.17654837136966972
0.2797730168350684
0.40910925933862907
0.3380489554559841
0.34226105204487556
0.3632748981889512
0.560806260902254
0.641762816136299
0.303391589795427
0.7860991999910935
0.6263917216708536
0.9675232710176601
0.6589554136614356
0.918244253059611
0.5839281949075069
0.9110669360602403
0.9518505614628213
0.41030659881577713
0.45923124799142834
2.8373332615011626e-2
0.6523506203197639
7.779652790198088e-2
8.430401644132057e-2
0.1899139557754378
0.6233985568820896
0.1703700624088188
0.6349621655574199
0.35924958410205965
0.8905291679255422
0.10505727789343722
0.8137143853374765
4.910833741652454e-2
0.4719142087560725
0.15593114463747992
0.6515985826038609
0.8582758509597562
0.8590998425414095
0.1365026666397421
0.604311340837549
0.6360783192783533
0.21707669277716202
0.6993483318287169
0.976735518116978
0.27267617623187246
0.46532521620092215
0.88372854715738
0.39530471558686664
5.6912421930691015e-2
0.2056882802213441
0.19858694720989434
0.8101156687773449
0.10244150248717576
0.37329778751574405
0.4544489553493375
0.9352090867035058
0.11869983297001829
0.3250354111620858
0.42731332111292797
0.8334212197794616
0.10800699883671394
0.7495750624139478
0.526689338289633
0.8051204331668557
0.3096525704844296
0.10003130870001298
0.27503347497184005
0.4072763169778416
0.4484084644944487
0.5316752649077249
3.458419010960523e-2
0.576255845634153
0.9357477013064269
0.5627468615212484
0.6663828681743521
0.2653680167380973
4.542755331740567e-2
0.5762381859596905
8.949931279592482e-2
0.3095830607183182
0.8941386848328517
0.5251573079035216
2.8254724837037837e-2
0.7822136358834707
7.185866425487908e-3
8.66963701623994e-2
0.3897067805243998
0.5802493074649687
0.9720164352134487
0.6239017821623004
0.6276715054447665
9.316600092383875e-2
0.32925368633724095
0.7120768972040424
0.9279282884131369
0.7560413747765066
9.823710474131742e-2
0.2431244220418155
0.269129967157809
0.4058463859483067
8.331872844016452e-2
0.6148575007630156
0.8552150899457452
0.832418917920735
0.4306950514638236
9.415524717771595e-2
0.339162134258321
0.7103808750787309
0.17541676260716865
0.4316083482519567
0.3929174254376496
0.2226224915104934
0.27559438921722557
6.907335909929013e-2
4.699687777163486e-2
4.0784955508665566e-2
8.519358593205284e-2
5.218617029239925e-2
0.31035742118737464
0.7396766965536902
0.7525210460363944
0.4172517540333375
0.6236563235352878
0.6934081575425955
0.6740102679899526
0.7062103849955753
0.10093278009913675
0.31866389106483217
0.30480145074741716
0.8223483621773721
0.4251749495958147
0.9235978977960736
0.3253747826832535
2.862052084250388e-4
0.7537928736485188
0.5026616026316059
0.8233278960230256
0.5720761308690848
0.19252882191436427
0.927682427541222
0.22858103745515435
0.2141876543139397
0.7185608565784082
0.3243168722722153
0.3493924823637119
0.6363210591245453
0.9665928889495708
0.5618743546865123
2.8225580313438026e-2
0.29354200496387295
0.32395471988784486
0.15451354436214737
0.9034543582646607
8.774313178050186e-2
0.13003604454345752
0.9853864928096191
0.6722627265840339
0.9307642127725543
0.18521666422866867
4.278379620680528e-2
0.6688115807650371
0.20818512851911686
0.4577634954966535
0.5504726759339466
0.3494179211912348
0.5058409514303278
0.9064561972021942
0.3420737696266588
7.452888771586974e-2
0.9734727446254136
0.17925483954920518
0.2758930125351774
0.9679782685882897
0.1989676325147528
2.7882916682004155e-2
0.4256484237979191
0.3800204976604241
0.7724551522862398
0.661572212263606
0.9536517964855785
4.227862136340377e-2
0.9568830518644006
0.26618019653306646
0.277473241768477
0.514736557119048
0.6255050058713109
0.777130188886538
0.27016919098051384
0.7343367135374174
0.15645136213268784
0.8137184320417682
0.7272358244845022
0.14550242253596302
0.14179838449545212
0.3855716093904661
0.4990980056279367
0.5655252590581595
0.3799998223826996
0.2024889238499049
0.4497156718014287
2.027184621599487e-2
0.554192807971788
0.2655439011296584
scriptMetrop.hs: [extractTree] impossible
0.34589545739728866
7.943007032908744e-2
0.2499872209109234
0.9586713241293604
0.4522954232541817
0.4357613348509811
0.7741106782699628
0.4181238557461956
0.15713217446502037
0.5922987522595454
0.9219109629609962
0.8263004558839174
0.3816170019735442
0.9239351454509118
0.5881892689194782
0.7869895601447198
0.3357443153129199
0.285962579423655
0.7322507733983527
0.5452507879718639
0.7889480417731297
0.14506203217940883
0.40139939655042356
4.990931529868747e-2
0.8895220286680329
0.9997782631228723
0.22846986752878629
0.10169454477114048
0.8964617778028278
0.4751809234345771
0.1008043792783947
3.678659599715706e-2
0.9177581392585706
0.9558702916246776
0.771815099253354
0.8198752876278502
0.5868742855627486
0.5423937068209398
9.33670472983611e-2
0.5816682764279161
0.5527368009053061
0.30219455818812657
0.7499385861094284
0.9566807754598051
0.9640402788792614
3.691545997957901e-2
0.9389827283404725
0.1110144275912196
0.1092986637575496
0.8420349456864421
0.19150210116862054
0.1967134265466982
0.9361863670552578
0.5814112372492076
0.8457826665618718
0.49525138504635524
9.260997654260616e-2
0.283029599953288
0.5926810739771541
0.340975576725696
0.12438724164986115
0.6242876814879127
0.22065123109614293
0.2772318664574579
0.4112970000505224
0.4586941952147102
0.8776862051873787
0.8924321910004104
0.39266172742063643
3.2381201747065935e-3
0.872426160537415
0.4424170379185962
0.8736170661352595
0.5766616309959883
0.8472959946678457
3.208288968537831e-2
0.4108715654257161
0.9890780560540912
0.1666349746261503
0.4744464651742629
0.7095300943452408
0.2004357495080341
0.1747093863553596
0.7933466085064992
0.8188671336968244
0.16590596946268754
0.4615799430915696
7.081066100520694e-2
0.8418799651689993
0.8561423723792935
0.7790309530448655
0.6545179990549576
0.7428090865576141
0.3704655221798582
0.792534842169862
0.9168556973993262
0.5354127461542916
0.3858904775602764
0.8213169212200736
0.8040378088388417
0.2950507028900834
0.41977672711296743
0.6730967849883845
0.4597644872521064
0.12412621183745254
0.7344362699942727
0.8529981009378128
0.5923096281619457
0.24884441115123634
0.2696478379355097
0.38720303207370776
0.9618460047686671
0.6060492253866664
0.9353244439970186
0.3986877729070023
0.34742196627466126
0.33440788968942725
0.7254442615993298
6.569477308967564e-2
0.6469090654606974
0.40403992716302384
0.6623940190742076
0.781443871979184
0.5371777375469543
0.8551310852330049
4.7295678321547574e-2
0.8352374716961289
0.9060030774042748
0.3453854091316241
6.434068883007449e-2
0.9310275516840553
0.35041047802042946
0.41649209838717816
0.7316610739732564
0.925063812131318
0.41847596903437145
0.3265552545769842
0.2048059181908074
0.789403915821134
0.5704267660858712
0.5198445296011122
0.663731845962454
0.49752893313286173
0.19486747198087773
0.7057342412786712
0.832108593848013
2.7604132595335673e-2
0.7008242233806931
0.6077469269532604
0.6053964891560947
5.302546031142563e-2
0.4340983746524
0.5027835682252216
scriptMetrop.hs: [extractTree] impossible
0.5663155306312427
0.914566262787729
0.43334477589835296
9.188967204194676e-2
0.8713257627966907
0.8389075038414869
6.513957071712018e-2
0.9205839309656999
0.16544122654070248
0.5095470062062847
0.364229841271449
0.7250856255990715
0.7324728266832828
0.4829700031359113
0.9913598649285263
0.5459529120687169
0.755774848424228
0.5711354444291291
0.9357912243872287
0.7905349589614673
0.6920471522576189
0.23900057053141543
9.309290047910868e-2
2.318867187533702e-2
0.27436924503283555
0.5253975242975354
0.10918559163492059
0.7133174122491072
2.3325602480485652e-2
0.6890780106885898
0.7908969615891467
0.2791316741571298
0.6441284891796925
0.1065385609280799
scriptMetrop.hs: [extractTree] impossible
0.4868914123863658
0.8186349902228064
0.6403741268459421
0.1253895056064448
0.7131596940810278
0.13585008162968493
0.3538145705221688
0.5669360437210845
0.9787332974429551
9.256712217000784e-2
0.5008187577790971
0.47112724452928945
0.9957418091551337
0.7162759688817465
0.6850420156851479
0.2051745150492731
0.5464962512525205
0.6350886974963971
0.16950449545270685
0.8647204622193924
0.10217210710108782
0.14637475076398376
0.912889118120021
0.1839005236909762
0.9358545010038252
0.8722324523899597
0.175793681053236
0.9824323134899436
0.2619116401102958
0.2104766682404543
5.963018305514722e-2
0.9170247643519257
0.5198868369551913
0.7931882951058039
0.13482471027083165
0.173493608288097
0.3674646133357441
0.9104757383516068
0.7636128859324941
1.383019847837541e-2
0.39992425048330127
0.6831280329098565
0.4290969680880029
0.7930367617801996
0.17511952482538595
0.731605125706083
0.6516454833435322
0.35630672638082694
0.7827082038013978
0.26749230536133684
0.6926633429629881
0.48539837484563864
0.5868682615810613
0.8170455707329952
0.31142581811380865
0.2428475009044907
0.9442419989683356
0.49383709447225377
0.5166777412852704
0.5826164971081872
0.2968337736265426
6.652643320040108e-2
0.8708597018974161
0.9078127965767709
0.18857980316313994
0.7665055565494397
0.31751490596787313
0.439427495434337
0.1573814753727777
0.24135869234532958
0.5626005221401938
6.434769429317855e-2
0.571267251755842
0.9604753312117945
2.4992221183393615e-2
0.8951693425150068
0.17269986688017236
0.6802723219214527
0.5352313992271934
0.8070805513282505
5.6336809883819394e-2
0.5506166901609818
0.2810315808950511
0.3409890548761786
2.1775638087134785e-3
4.457489954946914e-2
0.3492150337597105
0.10143768377417961
0.8195056289140404
0.3790082735594119
0.9788233817028263
6.118188455159779e-2
0.42383133527745154
0.7054184449476332
1.246659702635211e-2
0.3835509954792934
0.5678149068616364
0.721790567813123
0.4803983066853893
0.5660334100260039
0.24128853583935272
0.7748308662925919
0.48873729016389456
6.387135623780238e-3
0.2857250316410015
0.4146987612968639
0.2472760098155672
0.7151232895240055
0.21774244303821166
0.7816092511467697
0.4614229402475928
0.7923542768481641
0.5727855537840779
0.3939631318789748
0.9904000018898039
0.1421370477845424
0.9456853645128186
0.5272438870455721
8.002089177671146e-2
1.6600726762610374e-2
0.4610914698143499
0.45652379031389667
0.4785939412096195
0.8227055640054207
0.6907276081716888
0.30579392382485693
0.14842033056426096
0.7355377050152835
0.9446499410239612
0.675527475789177
0.6034346389869859
0.3991002355245975
0.6785421992710009
0.28088071681730387
0.61403027296929
0.7116980533479061
0.180023659265938
0.38594421807946777
0.2015394436391459
0.7779191983738848
0.5362853927459085
0.8874302579214225
0.2933141374251803
0.45182933470912434
0.4962319762933004
0.5249266803291063
0.4894478534078096
7.37480712408588e-2
0.23078470236397763
0.1828508325274275
1.542506951683531e-2
0.9607012380086951
0.8808139038812345
0.21317788583427955
0.836768350749664
9.873626000937441e-3
0.6720429065826913
0.462572032703808
0.5824546775280625
3.852913159658289e-2
0.8511099980407325
0.8242312864622275
1.2972391192529353e-2
0.1639024888786581
0.5189769545212622
0.6773055291807949
0.8886841018492212
0.22188526901356653
0.7831397501569534
0.32251791622434867
0.9386530863007992
0.8948797722954703
0.26592529481202576
0.10293818782338604
0.6629876582140147
0.35065375977088975
0.7908630628966594
0.2837333781236012
0.8702608459140336
0.578874078516283
0.7899464854442332
0.4181303376555351
0.46104055055240767
0.5482727788758764
0.6798614652412723
0.40958408858351303
0.4352079228460749
0.713013927395353
0.7749856700848389
9.724588731934303e-2
0.27438670691949996
0.7046769546784494
0.19671448159837512
0.1165673192151434
0.644611472654309
0.8765241964143614
4.468107176768055e-2
0.8019633519248842
0.41165782401033135
0.8466601886073143
0.12456356900682708
0.6141090239110091
0.4944341482508797
0.8196769960023277
0.7616992163751662
0.5642569309485604
0.890877388011461
0.49268218910067574
0.55758142667837
0.9644924710673523
0.6989818956737427
scriptMetrop.hs: [extractTree] impossible
0.7072877535141292
0.9951667962408625
0.630465841667348
0.6977482626627068
0.7342684409248014
0.2991122120239459
0.7955899559736169
0.5275695185997941
0.255813715463571
0.9009217417263001
0.24208018657763197
0.1491917797107697
1.7515874743310733e-2
0.2930849618582535
0.9876675298553116
0.5417608724012936
9.035448996817086e-2
0.4315281935912295
0.9820805010231216
0.26307787046707654
0.27455175660542863
0.5739353492323874
0.19849633692792457
scriptMetrop.hs: [extractTree] impossible
0.23197058612189803
0.7837756741009306
5.867932459871772e-2
0.9125903194925221
0.1482392350221472
0.8682917869000305
0.2267240193411767
0.7786032484494528
9.816205272707779e-2
6.33339068911879e-2
0.13656393846068793
0.912970744403215
0.31265885094024937
0.9301535912228761
0.43955234975126156
0.6581849604072708
0.7664285868714064
0.6195060043275445
0.5688301440137175
0.5290965833246802
0.21719560164675233
0.4625317039940805
0.4395044723517544
5.1210237251330115e-3
0.7392039100476432
0.47250463182092284
0.8883331955580392
0.911643292682116
0.801568911398331
0.33979709889416176
0.23395018601653417
7.363260837638974e-2
0.5439954538518
0.1635269693683995
0.21391923351113962
0.9360927790886854
0.3879611018749264
0.9022403092058112
0.5009208854864956
0.38016683104704485
0.9145784989814721
0.8786744165309387
0.6562571501002498
8.298758069786338e-2
0.10219987333609704
0.944519089863871
6.335385386943637e-2
0.21643499921348586
0.8888361849014647
0.720401468531361
0.9725276918783584
6.912224402709743e-2
0.3027231625102974
0.46803876717631654
0.13387536056925742
0.18589707832470748
scriptMetrop.hs: [extractTree] impossible
0.305870585599037
0.33695919459852053
0.7281860030085138
0.8643420562448784
0.1407368230658449
0.9010720147814574
0.8087737866054777
0.8009579924052298
0.30794300535882957
0.6049030606767066
0.3506543106540131
0.16182956871898935
0.14792398294001663
0.3525587131454596
0.8836769093361406
0.4217617869676874
0.7678222494555246
0.26572821563632465
0.6814819675292992
0.9413611729403583
0.46846815248745133
scriptMetrop.hs: [extractTree] impossible
0.4294289194749231
0.6586174659439482
0.2320815980516523
1.4095492897595707e-2
scriptMetrop.hs: [extractTree] impossible
0.9522384132622389
0.7152371277437023
0.662995578918525
0.2291491622996379
3.514509661519061e-2
0.6845713679856055
0.11138931068770763
0.5054627751551838
0.40806727147331057
0.6220911275074693
0.7639571886702826
0.4672370318898783
0.6702994827597882
0.7166024487026484
0.948880615696606
0.9325231621182025
0.11349350654426515
0.4107633692638052
4.983283372138969e-2
0.8623857227377071
0.5073809458155599
0.5215995886301333
0.11990717193210132
0.7494165250485517
0.18382576689054486
0.9579622582937347
0.3199859879885357
0.632973673328623
0.2535277875794818
0.7268558655406568
0.303520151086761
0.8591406100189017
0.6066809793365137
0.2341271464538751
0.1586899385372197
2.2302490874391956e-2
0.18855927024860508
0.7436005939762337
4.027873807310456e-2
6.312035751780953e-2
0.8967390514322094
0.4846919974250151
0.7640184839070262
0.911250594987954
0.5114295197152029
0.666175512007492
0.30436736104134476
0.40300970764611754
0.5322832599011341
0.2066057450401294
0.5403431847009331
0.8141128073468792
0.8646304926465752
0.2474688979620997
0.9267743609076892
0.2015978468177454
0.4122867320585365
0.1225740427669354
0.7586729666304893
0.7806980778533056
0.945292786700472
0.1856170989943785
5.433640465250289e-2
0.7714110403672502
0.36628260856233397
0.8042194363844964
0.733139169393375
3.181805467157639e-2
0.6052647488878621
0.15317712921879856
0.6300831534388313
0.5580731895144809
0.3052053761269101
0.5107641020307073
0.37676126205136085
0.36704950185936014
0.47651443863347887
0.9616596357692072
0.40501787429590086
1.7536084693731246e-2
0.2476370811322378
0.6894768043117884
0.1205735305655512
0.9144450396305325
0.4097187961651275
0.8854339248037318
0.10036131170922691
0.27496939252603536
0.5689337134782396
0.6447938168309703
0.2659405580174211
0.17133993351259014
0.9897833740682428
0.39813012667144687
0.4667138559731424
0.8327998029117288
0.7554626979801048
0.6075229751010193
0.7207658840813577
4.094585326645361e-2
0.47051762684957865
4.081240076412518e-2
0.21422961736139656
0.8911312306350782
0.11499070726758365
0.5213653225512386
0.5159681398486052
0.19241661280309563
0.469665221751416
0.18905654891118429
0.48507248835504824
0.5795591981872873
0.5248461397227758
0.7129364177759935
0.8053310289271501
0.38478113965410266
0.46371137926206674
0.7465712203448472
0.9019006251042153
0.3075659185767182
0.4499163018291318
0.6447387640031422
0.7399792682869996
0.8606919605767865
2.380826924101964e-2
0.9600008847734026
0.4217419116261708
0.9257419159894075
0.3449580148239427
0.3832310933063535
0.9405398046778884
0.8138067125157101
0.5295376878579189
0.9173802762684836
scriptMetrop.hs: [extractTree] impossible
0.6345114495814178
0.34579240031846437
0.7690425143095941
0.16686535317597462
0.8828583590992082
0.7097202002549404
0.8532208356052434
0.4169917905439521
2.598329906222341e-2
scriptMetrop.hs: [extractTree] impossible
0.18187364053494204
0.6544497855713179
0.7340128675366476
0.671970464471405
0.4980550465289698
0.7000012294089432
0.21820263054950295
0.7572847245101412
0.274891169426014
0.23144828457610978
0.7920179655919254
0.5548550314992776
0.19302656203668545
0.5443736849209014
0.12672984048026337
0.4083532499802017
0.2893920963432123
0.7943036539861593
9.014833931033384e-2
0.45211340908989295
0.28010906269255564
0.41611973256455415
0.46827443873646735
0.3557206908523337
0.4133526770445227
0.7010717052210315
7.436548010887611e-2
0.27136882007085783
0.93069856646496
0.39204257080032623
3.0690961508272774e-2
0.9396475331355653
0.2741348140795764
0.19202190105769235
0.22836970550542113
0.6652472897498917
0.14136494487682094
0.18203067991157862
0.8795316719278693
0.9220202607890206
0.9586902168318457
0.2711232519934975
5.137817078293916e-2
0.8565451945532371
0.5123482503811813
0.4090203875002044
0.8381044302244353
0.5040987943062095
0.46725743641952533
0.5771484275462414
0.9910246909477635
0.48034000989955217
6.13741487331011e-2
scriptMetrop.hs: [extractTree] impossible
0.4747015479925786
0.13388988757101095
0.3100288598031643
0.45536067127696966
0.6972176661587309
5.222371506064849e-2
9.437091894932925e-2
0.31442601994872377
0.49378800965194836
0.3011669622201424
0.7080990995673929
0.29308845930694416
0.38770011084460665
3.4761715373529456e-2
0.8620737357937779
0.3306474854179996
0.1946423315336211
0.7336647570629932
0.29346899103167645
0.6244931846079281
0.8829587331551508
0.5914154530822294
8.826848146700095e-3
0.22371322554287898
0.916859876795055
8.674664968153223e-2
0.1282216917536828
0.34570333391895536
0.3652363624399496
8.802514915423953e-2
0.14275009734710842
0.23685280800118036
0.446880629374366
0.6452591271619926
0.4891109160663595
0.9123422544613672
0.71295588995834
0.9740995963564739
0.49719429047736907
0.7169874158081474
5.222804393883684e-2
0.48660357198139226
2.1021398723043982e-2
0.34536286906253755
0.48270501493202345
0.4132683210023068
0.33304641672923385
0.9515011005946968
0.9029347627135135
0.5853577551232042
0.5856622635965995
0.42353650959063593
0.596904574064493
8.777185602021664e-2
0.28475516106047427
0.9909651500121607
0.14522119352160645
1.749194057966863e-2
0.6009416330208869
0.2822894145187328
0.387048122225257
0.3021540125456882
0.41399837485617497
0.5850811312045957
2.735888708806178e-2
7.41961445528253e-2
0.15580212977733432
0.28091571009943983
0.23570249334949456
0.9381764242805072
0.6273515824513495
0.4705398178623189
0.2567732791324985
0.2305579264039913
0.10900786749999736
0.49097200794667983
8.829484103206908e-2
0.6080373770751114
0.9875606991508136
0.3426111912002431
0.7569129276082766
0.54589988832564
0.14399025659830922
0.570909673710657
0.7326405886473629
0.39672750764198017
0.8982769131088874
0.6451795124375289
0.46039448423022333
0.8432878728643086
0.561945292057792
0.4230759133226817
0.86207883190137
0.5062839649956957
0.24805844926621712
0.475973885444522
0.49384315976822835
0.7213260911542104
0.6250889765023003
0.9561603629901759
0.3345123740779997
0.21493777009767434
0.6739969948106629
0.9520017599596705
7.572133058265151e-2
0.42614805581500803
2.9720040882010745e-2
0.26288972079500217
0.9548010951921314
7.037142271713359e-2
0.22476441173093875
0.10415133472550353
0.5543356373524332
4.5146689548367536e-2
0.31487518231112854
0.5765444686831686
0.4908443847838141
0.13767777384880586
0.6217249908332098
0.7723919620527592
8.271089021894851e-2
0.3619235543738314
0.39492617441533995
0.6621589646148872
0.5738739524028885
0.9290708813094791
0.3514197879178732
0.4127024129682998
0.8426321045835635
0.6749462459815777
0.35358301189106334
0.3236128926080425
0.8434399597786416
5.1375190223844625e-3
4.4358500021474234e-2
0.75525672895415
0.6480477486152004
0.9873520146993494
0.73366190793507
0.36449548631837814
0.3712724241633273
0.5002701360093708
0.8933064974170001
0.23482685714164375
0.9292267005413163
9.01354781282454e-2
0.8806790117027244
0.33399482441801054
0.6227701618736866
0.43589563597836267
0.9648077251498951
0.13037648792413925
0.4474925121614245
0.4218600939409617
0.6968276262349328
1.8525032730828284e-2
0.5846206722519195
2.0366025247759878e-2
0.7258242851047664
0.27121485877669194
0.7213103921641427
0.4716355247144891
0.19640390551785758
0.7757337133766956
0.6899792047598453
0.4473013332630861
0.6575243864426376
0.32807989998504683
0.884186349259004
0.9905402880557265
0.5286467902657414
0.5666706160702465
0.14730893975335702
0.4355753837012354
0.9994344573124113
0.7395332805574447
0.5215455419378298
0.31923952814051126
0.2531659534830698
2.7481847750781996e-2
0.6258287123140601
0.6185521794029302
0.5682735898888188
0.9082873491722111
0.976843639809902
0.3926429766400211
0.43459865742423565
0.5321817422329317
0.22055463163571043
0.1005811793881145
0.4424215679815563
0.8152123890761526
0.4643245868346192
0.6611734455330186
5.4375774902013396e-2
0.20983763474957284
0.23257175521232842
0.6806677570278153
0.3380938547046747
0.6282142463685018
6.544949673104428e-2
0.7985661220431232
0.33291810066180616
0.3620763712681013
0.654170675693642
0.3859267919221371
0.158211638396632
0.6484848679652407
0.2367641205793315
0.5480694993577412
0.3377865915400581
0.10621784633000886
0.2295402823754481
scriptMetrop.hs: [extractTree] impossible
0.7784262260698661
0.821161325347242
0.1685471492220899
0.4641645328046601
0.3786439761667072
0.6534749504073737
0.186151586553161
0.32003832596561665
0.2843651255844898
0.2168845111798775
0.4500135335897989
0.9366753264842399
0.6593807392012639
0.7294195315844835
5.099225379445549e-2
0.8739565256361553
0.7733914263417022
0.41796128392345977
0.291567184671608
0.3509800443306129
0.368638417048612
0.37836936065018245
0.43943080134272294
0.674664855107184
0.21130689830374572
0.965725964812776
0.9148133999606215
0.9483270472899902
0.30267581734247695
0.24343045306413613
0.5491598091509694
0.9340329609493966
0.8027148845279527
0.9212761666540042
9.866946735667048e-2
0.43365738579808155
0.5054446946935766
0.7250461449646192
0.9016722796657336
6.562843292951459e-2
0.22554618954750671
8.717747040003399e-2
0.8518528550848677
7.238192790009534e-2
0.5779708946057965
0.7487393672743222
0.2334371578177984
0.69939339280232
0.8814134082943686
0.5921261591391135
0.9239946576737968
0.484036872837149
0.37292858049997923
0.3350340438024916
0.6129182782607748
0.8869776963262416
0.6554391935537759
5.2247747848596204e-2
0.6252160266571322
0.2836271485624461
0.45373529418857006
0.9599805820677877
0.9388571339379522
0.3562546493113953
0.19550277406707595
0.6991947631456076
9.34196700829032e-2
3.778138429707256e-2
0.7159679165520495
0.48856619060898476
0.40141782272780013
0.7662077862178135
8.03680143139115e-2
1.756734099761348e-2
0.35093504280433063
0.5168072275998451
0.12922326451666477
0.49910238613398283
0.5475617913053329
0.14252383490054987
0.31026482580353243
0.9055650922524495
0.7738661890417372
0.5100319733511868
0.6102103928766386
0.6763265917583728
2.3026758030893935e-2
0.16402042624158975
0.16756107136031806
0.9822466021564068
0.39571893901476984
0.5808921330064128
0.6966001783179655
0.8638989454088585
0.5130236585900153
0.10841809786724432
0.25808202299358196
0.7491734732925562
0.3673064690134519
0.9546110919068435
0.5423354716366077
0.5699937194929364
0.5820447506955259
0.5518638935576013
4.903141492743501e-2
0.5965075218372166
0.7668284798863562
0.5828457236297341
0.2864725884406524
0.9779375451780207
0.6464990370985865
0.4081586594493608
0.7634186486926035
0.920266269757917
0.3306163005774282
0.7620032832435902
0.42953653309843964
0.4996641252796651
0.2105518199355484
0.15824087791298058
0.293625643081609
0.5961802233289083
0.3243774090296322
0.9008434120894168
0.4866657959160897
0.6164784328690739
0.7888659826453769
0.7100022869964105
0.8728517337363481
0.849815373611701
0.6597065067905453
0.562645308134058
0.32435432041149415
0.48810206364276987
0.8904137513986546
0.5317835865668311
0.9027363669906144
2.299750409750645e-2
0.9091769246411464
0.44714452497165913
0.7906393206630046
0.30079866398774524
0.4741126434648858
0.8423654965908601
0.9233816074333362
0.3577228738462087
0.12102747017317095
0.1477752934897808
0.5151047901373186
0.5870023038395705
0.6587728456179928
0.878703871999336
0.7811628287384188
0.954006955787348
0.8869208446995137
0.5719542057356545
0.15533762400699136
0.9179629334701326
3.134159938342662e-2
0.23757792461902671
0.5996736782459783
0.7696616544763072
0.6168506818335452
0.8478146151376481
0.429556674761966
3.272345980271496e-2
0.45355110372691876
7.943371601227922e-2
0.317582741699061
0.49219027458618114
0.1532208761419539

<no location info>: can't find file: scriptMetrop.hs

<no location info>: can't find file: scriptMetrop.hs

<no location info>: can't find file: scriptMetrop.hs

<no location info>: can't find file: scriptMetrop.hs

<no location info>: can't find file: scriptMetrop.hs

<no location info>: can't find file: scriptMetrop.hs

<no location info>: can't find file: scriptMetrop.hs

<no location info>: can't find file: scriptMetrop.hs

<no location info>: can't find file: scriptMetrop.hs

<no location info>: can't find file: scriptMetrop.hs

<no location info>: can't find file: scriptMetrop.hs

<no location info>: can't find file: scriptMetrop.hs

<no location info>: can't find file: scriptMetrop.hs

<no location info>: can't find file: scriptMetrop.hs

<no location info>: can't find file: scriptMetrop.hs

<no location info>: can't find file: scriptMetrop.hs

<no location info>: can't find file: scriptMetrop.hs

<no location info>: can't find file: scriptMetrop.hs

<no location info>: can't find file: scriptMetrop.hs

<no location info>: can't find file: scriptMetrop.hs

<no location info>: can't find file: scriptMetrop.hs

<no location info>: can't find file: scriptMetrop.hs

<no location info>: can't find file: scriptMetrop.hs

<no location info>: can't find file: scriptMetrop.hs

<no location info>: can't find file: scriptMetrop.hs

<no location info>: can't find file: scriptMetrop.hs

<no location info>: can't find file: scriptMetrop.hs

<no location info>: can't find file: scriptMetrop.hs

<no location info>: can't find file: scriptMetrop.hs

<no location info>: can't find file: scriptMetrop.hs

<no location info>: can't find file: scriptMetrop.hs

<no location info>: can't find file: scriptMetrop.hs

<no location info>: can't find file: scriptMetrop.hs

<no location info>: can't find file: scriptMetrop.hs

<no location info>: can't find file: scriptMetrop.hs

<no location info>: can't find file: scriptMetrop.hs

<no location info>: can't find file: scriptMetrop.hs

<no location info>: can't find file: scriptMetrop.hs

<no location info>: can't find file: scriptMetrop.hs

<no location info>: can't find file: scriptMetrop.hs

<no location info>: can't find file: scriptMetrop.hs

<no location info>: can't find file: scriptMetrop.hs

<no location info>: can't find file: scriptMetrop.hs

<no location info>: can't find file: scriptMetrop.hs

<no location info>: can't find file: scriptMetrop.hs

<no location info>: can't find file: scriptMetrop.hs

<no location info>: can't find file: scriptMetrop.hs

<no location info>: can't find file: scriptMetrop.hs

<no location info>: can't find file: scriptMetrop.hs

<no location info>: can't find file: scriptMetrop.hs

<no location info>: can't find file: scriptMetrop.hs

<no location info>: can't find file: scriptMetrop.hs

<no location info>: can't find file: scriptMetrop.hs

<no location info>: can't find file: scriptMetrop.hs

<no location info>: can't find file: scriptMetrop.hs

<no location info>: can't find file: scriptMetrop.hs

<no location info>: can't find file: scriptMetrop.hs

<no location info>: can't find file: scriptMetrop.hs

<no location info>: can't find file: scriptMetrop.hs

<no location info>: can't find file: scriptMetrop.hs

<no location info>: can't find file: scriptMetrop.hs

<no location info>: can't find file: scriptMetrop.hs

<no location info>: can't find file: scriptMetrop.hs

<no location info>: can't find file: scriptMetrop.hs

<no location info>: can't find file: scriptMetrop.hs

<no location info>: can't find file: scriptMetrop.hs

<no location info>: can't find file: scriptMetrop.hs

<no location info>: can't find file: scriptMetrop.hs

<no location info>: can't find file: scriptMetrop.hs

<no location info>: can't find file: scriptMetrop.hs

<no location info>: can't find file: scriptMetrop.hs

<no location info>: can't find file: scriptMetrop.hs

<no location info>: can't find file: scriptMetrop.hs

<no location info>: can't find file: scriptMetrop.hs

<no location info>: can't find file: scriptMetrop.hs

<no location info>: can't find file: scriptMetrop.hs

<no location info>: can't find file: scriptMetrop.hs

<no location info>: can't find file: scriptMetrop.hs

<no location info>: can't find file: scriptMetrop.hs

<no location info>: can't find file: scriptMetrop.hs

<no location info>: can't find file: scriptMetrop.hs

<no location info>: can't find file: scriptMetrop.hs

<no location info>: can't find file: scriptMetrop.hs

<no location info>: can't find file: scriptMetrop.hs

<no location info>: can't find file: scriptMetrop.hs

<no location info>: can't find file: scriptMetrop.hs

<no location info>: can't find file: scriptMetrop.hs

<no location info>: can't find file: scriptMetrop.hs

<no location info>: can't find file: scriptMetrop.hs

<no location info>: can't find file: scriptMetrop.hs

<no location info>: can't find file: scriptMetrop.hs

<no location info>: can't find file: scriptMetrop.hs

<no location info>: can't find file: scriptMetrop.hs

<no location info>: can't find file: scriptMetrop.hs

<no location info>: can't find file: scriptMetrop.hs

<no location info>: can't find file: scriptMetrop.hs

<no location info>: can't find file: scriptMetrop.hs

<no location info>: can't find file: scriptMetrop.hs

<no location info>: can't find file: scriptMetrop.hs

<no location info>: can't find file: scriptMetrop.hs

<no location info>: can't find file: scriptMetrop.hs

<no location info>: can't find file: scriptMetrop.hs

<no location info>: can't find file: scriptMetrop.hs
